{"Q": [[1, 1, 0], [1, 0, 1], [1, 0, 0]], "R": [[0.0, 0.0, 0.0], [0.0, 1.0, 1.0], [1.0, 0.0, 1.0], [0.0, 0.0, 1.0], [0.0, 0.0, 1.0], [1.0, 1.0, 0.0], [0.0, 1.0, 0.0], [0.0, 1.0, 0.0], [1.0, 1.0, 1.0], [0.0, 0.0, 0.0]], "T_e": [0, 91, 89, 64, 94, 80, 96, 98, 51, 0], "T_t": [[0.0, 77.15568676384133, 78.81624198095213, 7.0, 45.044422518220834, 20.808652046684813, 103.73041983911952, 66.75327707311455, 60.728905802755904, 55.90169943749474], [77.15568676384133, 0.0, 16.278820596099706, 72.13875518748573, 51.419840528729765, 57.0087712549569, 34.0147027033899, 68.4470598345904, 39.45883931389772, 42.04759208325728], [78.81624198095213, 16.278820596099706, 0.0, 74.94664769020693, 62.00806399170998, 58.008620049092706, 25.059928172283335, 56.0357029044876, 28.635642126552707, 54.74486277268398], [7.0, 72.13875518748573, 74.94664769020693, 0.0, 38.05259518088089, 17.72004514666935, 99.98499887483122, 68.15423684555495, 59.033888572581766, 49.03060268852505], [45.044422518220834, 51.419840528729765, 62.00806399170998, 38.05259518088089, 0.0, 36.24913792078372, 85.0, 84.38601779915912, 62.16912416947821, 12.806248474865697], [20.808652046684813, 57.0087712549569, 58.008620049092706, 17.72004514666935, 36.24913792078372, 0.0, 82.92767933567175, 53.71219600798314, 41.43669871020132, 43.56604182158393], [103.73041983911952, 34.0147027033899, 25.059928172283335, 99.98499887483122, 85.0, 82.92767933567175, 0.0, 70.8801805866774, 48.82622246293481, 76.05918747922567], [66.75327707311455, 68.4470598345904, 56.0357029044876, 68.15423684555495, 84.38601779915912, 53.71219600798314, 70.8801805866774, 0.0, 29.120439557122072, 85.7962703152066], [60.728905802755904, 39.45883931389772, 28.635642126552707, 59.033888572581766, 62.16912416947821, 41.43669871020132, 48.82622246293481, 29.120439557122072, 0.0, 60.60528029800704], [55.90169943749474, 42.04759208325728, 54.74486277268398, 49.03060268852505, 12.806248474865697, 43.56604182158393, 76.05918747922567, 85.7962703152066, 60.60528029800704, 0.0]], "task_locations": [[89, 79], [37, 22], [25, 33], [89, 72], [87, 34], [72, 67], [3, 21], [23, 89], [31, 61], [79, 24]], "precedence_constraints": [[2, 6], [2, 7]]}