{"Q": [[1, 0, 0], [0, 0, 1], [1, 1, 0]], "R": [[0.0, 0.0, 0.0], [0.0, 1.0, 0.0], [0.0, 0.0, 1.0], [1.0, 0.0, 0.0], [0.0, 1.0, 0.0], [0.0, 1.0, 1.0], [1.0, 1.0, 0.0], [0.0, 1.0, 1.0], [1.0, 0.0, 1.0], [0.0, 0.0, 0.0]], "T_e": [0, 89, 77, 78, 76, 97, 78, 81, 70, 0], "T_t": [[0.0, 52.009614495783374, 47.41307836451879, 49.193495504995376, 26.870057685088806, 27.073972741361768, 69.35416353759881, 22.360679774997898, 21.02379604162864, 20.8806130178211], [52.009614495783374, 0.0, 84.59905436823747, 85.58621384311844, 37.589892258425, 56.356011214421486, 52.23983154643591, 46.09772228646444, 47.4236228055175, 32.38826948140329], [47.41307836451879, 84.59905436823747, 0.0, 2.0, 47.01063709417264, 28.30194339616981, 115.80155439371269, 38.8329756778952, 68.42514157822401, 55.31726674375732], [49.193495504995376, 85.58621384311844, 2.0, 0.0, 48.02082881417188, 29.410882339705484, 117.41379816699569, 40.0, 70.21395872616783, 56.639209034025185], [26.870057685088806, 37.589892258425, 47.01063709417264, 48.02082881417188, 0.0, 18.788294228055936, 75.39230729988306, 9.055385138137417, 39.293765408777, 13.038404810405298], [27.073972741361768, 56.356011214421486, 28.30194339616981, 29.410882339705484, 18.788294228055936, 0.0, 90.0499861188218, 10.63014581273465, 46.52956049652737, 27.65863337187866], [69.35416353759881, 52.23983154643591, 115.80155439371269, 117.41379816699569, 75.39230729988306, 90.0499861188218, 0.0, 80.06247560499239, 49.678969393496885, 63.071388124885914], [22.360679774997898, 46.09772228646444, 38.8329756778952, 40.0, 9.055385138137417, 10.63014581273465, 80.06247560499239, 0.0, 39.01281840626232, 17.204650534085253], [21.02379604162864, 47.4236228055175, 68.42514157822401, 70.21395872616783, 39.293765408777, 46.52956049652737, 49.678969393496885, 39.01281840626232, 0.0, 27.313000567495326], [20.8806130178211, 32.38826948140329, 55.31726674375732, 56.639209034025185, 13.038404810405298, 27.65863337187866, 63.071388124885914, 17.204650534085253, 27.313000567495326, 0.0]], "task_locations": [[45, 22], [44, 74], [3, 0], [1, 0], [26, 41], [18, 24], [96, 69], [25, 32], [64, 31], [39, 42]], "precedence_constraints": [[5, 2], [1, 3], [5, 4]]}