{"Q": [[0, 1, 1], [1, 0, 0], [1, 1, 0]], "R": [[0.0, 0.0, 0.0], [0.0, 1.0, 0.0], [1.0, 1.0, 0.0], [1.0, 0.0, 0.0], [1.0, 0.0, 1.0], [1.0, 0.0, 0.0], [0.0, 1.0, 0.0], [0.0, 0.0, 1.0], [1.0, 1.0, 1.0], [0.0, 0.0, 0.0]], "T_e": [0, 77, 96, 77, 97, 51, 74, 50, 97, 0], "T_t": [[0.0, 33.37663853655727, 73.7563556583431, 96.20810776644555, 13.0, 67.06713054842886, 12.206555615733702, 43.18564576337837, 44.94441010848846, 97.0], [33.37663853655727, 0.0, 40.52159917870962, 85.00588214941364, 21.0, 34.9857113690718, 43.04648650006177, 27.294688127912362, 65.86349520030045, 74.24957912338628], [73.7563556583431, 40.52159917870962, 0.0, 83.18653737234169, 61.0, 11.40175425099138, 82.49242389456137, 45.880278987817846, 98.48857801796105, 56.43580423808985], [96.20810776644555, 85.00588214941364, 83.18653737234169, 0.0, 87.80091115700337, 73.00684899377592, 93.94147114027967, 58.215118311311535, 77.89736837660179, 35.84689665786984], [13.0, 21.0, 61.0, 87.80091115700337, 0.0, 54.08326913195984, 22.090722034374522, 31.906112267087632, 48.83646178829912, 85.42833253669417], [67.06713054842886, 34.9857113690718, 11.40175425099138, 73.00684899377592, 54.08326913195984, 0.0, 74.73285756613352, 35.17101079013795, 88.28363381737297, 49.040799340956916], [12.206555615733702, 43.04648650006177, 82.49242389456137, 93.94147114027967, 22.090722034374522, 74.73285756613352, 0.0, 46.32493928760188, 34.0147027033899, 99.24716620639605], [43.18564576337837, 27.294688127912362, 45.880278987817846, 58.215118311311535, 31.906112267087632, 35.17101079013795, 46.32493928760188, 0.0, 53.33854141237835, 53.81449618829484], [44.94441010848846, 65.86349520030045, 98.48857801796105, 77.89736837660179, 48.83646178829912, 88.28363381737297, 34.0147027033899, 53.33854141237835, 0.0, 95.2732911156112], [97.0, 74.24957912338628, 56.43580423808985, 35.84689665786984, 85.42833253669417, 49.040799340956916, 99.24716620639605, 53.81449618829484, 95.2732911156112, 0.0]], "task_locations": [[73, 98], [40, 93], [1, 82], [39, 8], [61, 93], [10, 75], [83, 91], [44, 66], [97, 60], [8, 26]], "precedence_constraints": [[3, 5], [7, 6], [6, 1], [5, 7], [4, 2]]}