{"Q": [[0, 0, 1], [1, 0, 0], [0, 1, 1]], "R": [[0.0, 0.0, 0.0], [1.0, 1.0, 1.0], [0.0, 1.0, 1.0], [1.0, 0.0, 1.0], [1.0, 1.0, 0.0], [0.0, 0.0, 1.0], [1.0, 1.0, 0.0], [0.0, 0.0, 1.0], [1.0, 0.0, 1.0], [0.0, 0.0, 0.0]], "T_e": [0, 83, 52, 92, 82, 64, 65, 98, 75, 0], "T_t": [[0.0, 104.92378186092989, 83.81527307120105, 52.630789467763066, 80.15609770940699, 98.41239759298622, 29.427877939124322, 75.17978451685, 88.3911760301898, 76.55716818169282], [104.92378186092989, 0.0, 22.67156809750927, 84.71717653463199, 37.94733192202055, 8.246211251235321, 115.0, 66.30987860040162, 40.496913462633174, 28.460498941515414], [83.81527307120105, 22.67156809750927, 0.0, 71.8679344353238, 33.015148038438355, 19.235384061671343, 92.41753080449618, 60.14149981501958, 40.718546143004666, 11.661903789690601], [52.630789467763066, 84.71717653463199, 71.8679344353238, 0.0, 48.010415536631214, 76.53103945458993, 80.39900496896712, 27.459060435491963, 51.19570294468082, 60.40695324215582], [80.15609770940699, 37.94733192202055, 33.015148038438355, 48.010415536631214, 0.0, 29.732137494637012, 98.4733466477097, 28.653097563788805, 10.198039027185569, 22.847319317591726], [98.41239759298622, 8.246211251235321, 19.235384061671343, 76.53103945458993, 29.732137494637012, 0.0, 109.98636279102969, 58.180752831155424, 32.802438933713454, 21.95449840010015], [29.427877939124322, 115.0, 92.41753080449618, 80.39900496896712, 98.4733466477097, 109.98636279102969, 0.0, 99.92997548283498, 107.91200118615167, 88.45903006477066], [75.17978451685, 66.30987860040162, 60.14149981501958, 27.459060435491963, 28.653097563788805, 58.180752831155424, 99.92997548283498, 0.0, 27.294688127912362, 48.79549159502341], [88.3911760301898, 40.496913462633174, 40.718546143004666, 51.19570294468082, 10.198039027185569, 32.802438933713454, 107.91200118615167, 27.294688127912362, 0.0, 31.78049716414141], [76.55716818169282, 28.460498941515414, 11.661903789690601, 60.40695324215582, 22.847319317591726, 21.95449840010015, 88.45903006477066, 48.79549159502341, 31.78049716414141, 0.0]], "task_locations": [[69, 99], [29, 2], [44, 19], [18, 86], [17, 38], [27, 10], [98, 94], [3, 63], [7, 36], [38, 29]], "precedence_constraints": [[1, 3], [2, 1], [6, 5], [8, 2], [8, 3]]}