{"Q": [[1, 1, 1], [0, 0, 1], [0, 1, 1]], "R": [[0.0, 0.0, 0.0], [1.0, 0.0, 1.0], [1.0, 0.0, 0.0], [1.0, 0.0, 1.0], [1.0, 0.0, 1.0], [0.0, 1.0, 1.0], [0.0, 1.0, 0.0], [0.0, 0.0, 1.0], [1.0, 1.0, 1.0], [0.0, 0.0, 0.0]], "T_e": [0, 66, 79, 57, 81, 53, 53, 50, 97, 0], "T_t": [[0.0, 73.24616030891995, 79.93122043357026, 10.770329614269007, 84.64632301523794, 44.553338819890925, 79.63039620647382, 20.223748416156685, 76.10519036176179, 79.76214641043707], [73.24616030891995, 0.0, 16.492422502470642, 75.92759709091287, 14.560219778561036, 55.226805085936306, 30.528675044947494, 59.39696961966999, 75.66372975210778, 32.7566787083184], [79.93122043357026, 16.492422502470642, 0.0, 84.50443775329198, 8.246211251235321, 52.172789842982326, 15.620499351813308, 69.33974329343886, 65.45991139621256, 48.75448697299562], [10.770329614269007, 75.92759709091287, 84.50443775329198, 0.0, 88.3911760301898, 54.08326913195984, 85.95929269136641, 17.46424919657298, 86.37129152675674, 77.88452991448301], [84.64632301523794, 14.560219778561036, 8.246211251235321, 88.3911760301898, 0.0, 59.682493245507096, 23.323807579381203, 72.47068372797375, 73.68174807915459, 43.965895873961216], [44.553338819890925, 55.226805085936306, 52.172789842982326, 54.08326913195984, 59.682493245507096, 0.0, 44.294469180700204, 48.76474136094644, 33.83784863137726, 79.20227269466452], [79.63039620647382, 30.528675044947494, 15.620499351813308, 85.95929269136641, 23.323807579381203, 44.294469180700204, 0.0, 72.80109889280519, 51.19570294468082, 63.28506932918696], [20.223748416156685, 59.39696961966999, 69.33974329343886, 17.46424919657298, 72.47068372797375, 48.76474136094644, 72.80109889280519, 0.0, 82.56512580987206, 60.63827174318213], [76.10519036176179, 75.66372975210778, 65.45991139621256, 86.37129152675674, 73.68174807915459, 33.83784863137726, 51.19570294468082, 82.56512580987206, 0.0, 105.4229576515476], [79.76214641043707, 32.7566787083184, 48.75448697299562, 77.88452991448301, 43.965895873961216, 79.20227269466452, 63.28506932918696, 60.63827174318213, 105.4229576515476, 0.0]], "task_locations": [[88, 84], [49, 22], [33, 26], [98, 80], [35, 18], [44, 77], [23, 38], [91, 64], [12, 88], [77, 5]], "precedence_constraints": [[1, 4], [4, 5], [4, 3], [1, 6], [4, 8]]}