{"Q": [[1, 1, 1], [0, 1, 0], [0, 1, 0]], "R": [[0.0, 0.0, 0.0], [1.0, 0.0, 0.0], [1.0, 0.0, 1.0], [0.0, 1.0, 1.0], [1.0, 1.0, 0.0], [1.0, 0.0, 0.0], [0.0, 1.0, 0.0], [1.0, 0.0, 0.0], [0.0, 0.0, 1.0], [0.0, 0.0, 0.0]], "T_e": [0, 84, 88, 96, 89, 98, 75, 85, 92, 0], "T_t": [[0.0, 49.01020301937138, 23.53720459187964, 67.53517601961218, 14.422205101855956, 61.326992425847855, 72.2357252334328, 66.09841147864296, 32.31098884280702, 10.295630140987], [49.01020301937138, 0.0, 58.309518948453004, 33.83784863137726, 42.44997055358225, 26.92582403567252, 31.622776601683793, 20.615528128088304, 48.27007354458868, 58.309518948453004], [23.53720459187964, 58.309518948453004, 0.0, 84.50443775329198, 17.029386365926403, 77.62087348130012, 72.11102550927978, 78.26237921249263, 55.65968020030299, 28.284271247461902], [67.53517601961218, 33.83784863137726, 84.50443775329198, 0.0, 67.47592163134935, 7.211102550927978, 58.42088667591412, 19.6468827043885, 48.010415536631214, 73.7360156233031], [14.422205101855956, 42.44997055358225, 17.029386365926403, 67.47592163134935, 0.0, 60.60528029800704, 60.876925020897694, 61.84658438426491, 42.190046219457976, 24.041630560342615], [61.326992425847855, 26.92582403567252, 77.62087348130012, 7.211102550927978, 60.60528029800704, 0.0, 53.150729063673246, 15.811388300841896, 44.28317965096906, 68.00735254367721], [72.2357252334328, 31.622776601683793, 72.11102550927978, 58.42088667591412, 60.876925020897694, 53.150729063673246, 0.0, 39.05124837953327, 79.20858539325141, 82.46211251235322], [66.09841147864296, 20.615528128088304, 78.26237921249263, 19.6468827043885, 61.84658438426491, 15.811388300841896, 39.05124837953327, 0.0, 55.97320787662612, 74.33034373659252], [32.31098884280702, 48.27007354458868, 55.65968020030299, 48.010415536631214, 42.190046219457976, 44.28317965096906, 79.20858539325141, 55.97320787662612, 0.0, 32.64965543462902], [10.295630140987, 58.309518948453004, 28.284271247461902, 73.7360156233031, 24.041630560342615, 68.00735254367721, 82.46211251235322, 74.33034373659252, 32.64965543462902, 0.0]], "task_locations": [[10, 68], [59, 67], [5, 45], [70, 99], [18, 56], [66, 93], [77, 41], [75, 80], [22, 98], [1, 73]], "precedence_constraints": [[7, 1], [2, 8]]}