{"Q": [[0, 0, 1], [1, 0, 0], [1, 1, 0]], "R": [[0.0, 0.0, 0.0], [1.0, 1.0, 0.0], [0.0, 1.0, 1.0], [1.0, 1.0, 1.0], [1.0, 1.0, 1.0], [1.0, 1.0, 1.0], [0.0, 0.0, 1.0], [1.0, 0.0, 1.0], [1.0, 1.0, 0.0], [0.0, 0.0, 0.0]], "T_e": [0, 97, 71, 76, 61, 74, 52, 96, 97, 0], "T_t": [[0.0, 8.94427190999916, 11.704699910719626, 31.304951684997057, 39.92492955535426, 63.702433234531945, 31.304951684997057, 48.25971404805462, 29.732137494637012, 30.4138126514911], [8.94427190999916, 0.0, 19.0, 38.8329756778952, 41.593268686170845, 55.44366510251645, 22.360679774997898, 41.0, 38.41874542459709, 22.02271554554524], [11.704699910719626, 19.0, 0.0, 32.14031735997639, 48.54894437575342, 69.02897942168927, 40.26164427839479, 59.682493245507096, 26.40075756488817, 37.12142238654117], [31.304951684997057, 38.8329756778952, 32.14031735997639, 0.0, 30.364452901377952, 94.2019108086455, 59.39696961966999, 66.12866246946176, 11.313708498984761, 60.802960454241045], [39.92492955535426, 41.593268686170845, 48.54894437575342, 30.364452901377952, 0.0, 88.54377448471462, 52.630789467763066, 45.967379738244816, 40.718546143004666, 58.42088667591412], [63.702433234531945, 55.44366510251645, 69.02897942168927, 94.2019108086455, 88.54377448471462, 0.0, 36.24913792078372, 52.23983154643591, 93.34880824091971, 33.421549934136806], [31.304951684997057, 22.360679774997898, 40.26164427839479, 59.39696961966999, 52.630789467763066, 36.24913792078372, 0.0, 27.586228448267445, 60.4648658313239, 9.219544457292887], [48.25971404805462, 41.0, 59.682493245507096, 66.12866246946176, 45.967379738244816, 52.23983154643591, 27.586228448267445, 0.0, 71.58910531638176, 36.76955262170047], [29.732137494637012, 38.41874542459709, 26.40075756488817, 11.313708498984761, 40.718546143004666, 93.34880824091971, 60.4648658313239, 71.58910531638176, 0.0, 60.14149981501958], [30.4138126514911, 22.02271554554524, 37.12142238654117, 60.802960454241045, 58.42088667591412, 33.421549934136806, 9.219544457292887, 36.76955262170047, 60.14149981501958, 0.0]], "task_locations": [[53, 24], [49, 32], [49, 13], [81, 10], [90, 39], [6, 67], [39, 52], [58, 72], [73, 2], [32, 46]], "precedence_constraints": [[3, 1], [2, 5], [2, 7], [1, 8]]}