{"Q": [[0, 1, 0], [1, 1, 1], [1, 0, 0]], "R": [[0.0, 0.0, 0.0], [1.0, 1.0, 1.0], [0.0, 1.0, 1.0], [0.0, 0.0, 1.0], [0.0, 1.0, 0.0], [1.0, 0.0, 0.0], [1.0, 0.0, 1.0], [0.0, 1.0, 0.0], [0.0, 1.0, 0.0], [0.0, 0.0, 0.0]], "T_e": [0, 52, 50, 94, 85, 89, 82, 52, 58, 0], "T_t": [[0.0, 68.5054742338158, 75.82216034906945, 53.46026561849464, 32.69556544854363, 50.24937810560445, 67.20119046564577, 37.05401462729781, 31.04834939252005, 51.35172830587107], [68.5054742338158, 0.0, 20.248456731316587, 31.25699921617557, 90.52071586106685, 18.439088914585774, 3.605551275463989, 59.00847396772772, 40.36087214122113, 52.630789467763066], [75.82216034906945, 20.248456731316587, 0.0, 50.08991914547278, 91.30169768410661, 31.78049716414141, 17.46424919657298, 55.71355310873648, 52.92447448959697, 44.40720662234904], [53.46026561849464, 31.25699921617557, 50.08991914547278, 0.0, 83.21658488546619, 21.470910553583888, 33.015148038438355, 62.64982043070834, 23.021728866442675, 64.38167441127949], [32.69556544854363, 90.52071586106685, 91.30169768410661, 83.21658488546619, 0.0, 74.14849964766651, 88.23264701911646, 36.87817782917155, 60.207972893961475, 52.3450093132096], [50.24937810560445, 18.439088914585774, 31.78049716414141, 21.470910553583888, 74.14849964766651, 0.0, 17.804493814764857, 46.32493928760188, 22.20360331117452, 44.654227123532216], [67.20119046564577, 3.605551275463989, 17.46424919657298, 33.015148038438355, 88.23264701911646, 17.804493814764857, 0.0, 56.08029957123981, 40.0, 49.24428900898052], [37.05401462729781, 59.00847396772772, 55.71355310873648, 62.64982043070834, 36.87817782917155, 46.32493928760188, 56.08029957123981, 0.0, 43.18564576337837, 16.1245154965971], [31.04834939252005, 40.36087214122113, 52.92447448959697, 23.021728866442675, 60.207972893961475, 22.20360331117452, 40.0, 43.18564576337837, 0.0, 49.24428900898052], [51.35172830587107, 52.630789467763066, 44.40720662234904, 64.38167441127949, 52.3450093132096, 44.654227123532216, 49.24428900898052, 16.1245154965971, 49.24428900898052, 0.0]], "task_locations": [[62, 93], [5, 55], [12, 36], [9, 86], [92, 80], [19, 67], [8, 53], [64, 56], [32, 85], [56, 42]], "precedence_constraints": [[7, 2], [7, 4], [2, 4]]}