{"Q": [[1, 1, 0], [0, 1, 0], [0, 0, 1]], "R": [[0.0, 0.0, 0.0], [0.0, 0.0, 1.0], [1.0, 1.0, 1.0], [0.0, 0.0, 1.0], [1.0, 0.0, 0.0], [1.0, 1.0, 1.0], [0.0, 1.0, 1.0], [1.0, 1.0, 0.0], [0.0, 1.0, 0.0], [0.0, 0.0, 0.0]], "T_e": [0, 78, 92, 78, 90, 85, 64, 82, 85, 0], "T_t": [[0.0, 97.75479527879949, 60.959002616512684, 61.29437168288782, 63.00793600809346, 52.32590180780452, 71.30918594402827, 93.91485505499116, 44.553338819890925, 49.64876634922564], [97.75479527879949, 0.0, 44.181444068749045, 84.50443775329198, 53.31041174104736, 61.07372593840988, 69.63476143421474, 8.0, 96.25487000666512, 48.30113870293329], [60.959002616512684, 44.181444068749045, 0.0, 76.2954782408499, 50.53711507397311, 17.029386365926403, 70.26378868236469, 44.181444068749045, 77.41446893184762, 18.027756377319946], [61.29437168288782, 84.50443775329198, 76.2954782408499, 0.0, 31.32091952673165, 82.0792300158816, 18.601075237738275, 77.07788269017254, 22.090722034374522, 58.463663928973865], [63.00793600809346, 53.31041174104736, 50.53711507397311, 31.32091952673165, 0.0, 60.959002616512684, 19.924858845171276, 46.06517122512408, 44.553338819890925, 34.828149534535996], [52.32590180780452, 61.07372593840988, 17.029386365926403, 82.0792300158816, 60.959002616512684, 0.0, 79.63039620647382, 61.204574992397426, 78.5175139698144, 26.1725046566048], [71.30918594402827, 69.63476143421474, 70.26378868236469, 18.601075237738275, 19.924858845171276, 79.63039620647382, 0.0, 61.84658438426491, 39.21734310225516, 53.85164807134504], [93.91485505499116, 8.0, 44.181444068749045, 77.07788269017254, 46.06517122512408, 61.204574992397426, 61.84658438426491, 0.0, 89.62700485902673, 45.221676218380054], [44.553338819890925, 96.25487000666512, 77.41446893184762, 22.090722034374522, 44.553338819890925, 78.5175139698144, 39.21734310225516, 89.62700485902673, 0.0, 59.682493245507096], [49.64876634922564, 48.30113870293329, 18.027756377319946, 58.463663928973865, 34.828149534535996, 26.1725046566048, 53.85164807134504, 45.221676218380054, 59.682493245507096, 0.0]], "task_locations": [[67, 9], [17, 93], [21, 49], [96, 63], [66, 72], [20, 32], [85, 78], [25, 93], [98, 41], [39, 50]], "precedence_constraints": [[5, 7], [8, 1], [2, 8]]}