{"Q": [[0, 1, 1], [0, 1, 0], [1, 0, 0]], "R": [[0.0, 0.0, 0.0], [1.0, 0.0, 0.0], [0.0, 1.0, 1.0], [0.0, 1.0, 0.0], [1.0, 0.0, 0.0], [0.0, 0.0, 1.0], [1.0, 1.0, 0.0], [1.0, 1.0, 1.0], [1.0, 0.0, 0.0], [0.0, 0.0, 0.0]], "T_e": [0, 88, 86, 76, 56, 99, 81, 70, 82, 0], "T_t": [[0.0, 47.01063709417264, 70.45565981523414, 23.40939982143925, 72.42237223399962, 16.0, 42.95346318982906, 18.867962264113206, 24.08318915758459, 20.223748416156685], [47.01063709417264, 0.0, 24.041630560342615, 36.359317925395686, 67.446274915669, 61.465437442517235, 41.048751503547585, 41.400483088968905, 70.21395872616783, 38.118237105091836], [70.45565981523414, 24.041630560342615, 0.0, 60.0, 82.00609733428362, 84.11896337925236, 61.032778078668514, 65.29931086925804, 94.02127418834527, 58.52349955359813], [23.40939982143925, 36.359317925395686, 60.0, 0.0, 50.24937810560445, 38.8329756778952, 19.72308292331602, 6.324555320336759, 39.293765408777, 33.83784863137726], [72.42237223399962, 67.446274915669, 82.00609733428362, 50.24937810560445, 0.0, 85.95929269136641, 31.240998703626616, 53.600373133029585, 78.74642849044012, 83.54639429682169], [16.0, 61.465437442517235, 84.11896337925236, 38.8329756778952, 85.95929269136641, 0.0, 57.87054518492115, 33.52610922848042, 18.0, 27.586228448267445], [42.95346318982906, 41.048751503547585, 61.032778078668514, 19.72308292331602, 31.240998703626616, 57.87054518492115, 0.0, 24.351591323771842, 55.0, 52.3450093132096], [18.867962264113206, 41.400483088968905, 65.29931086925804, 6.324555320336759, 53.600373133029585, 33.52610922848042, 24.351591323771842, 0.0, 32.984845004941285, 32.69556544854363], [24.08318915758459, 70.21395872616783, 94.02127418834527, 39.293765408777, 78.74642849044012, 18.0, 55.0, 32.984845004941285, 0.0, 42.485291572496], [20.223748416156685, 38.118237105091836, 58.52349955359813, 33.83784863137726, 83.54639429682169, 27.586228448267445, 52.3450093132096, 32.69556544854363, 42.485291572496, 0.0]], "task_locations": [[25, 52], [66, 75], [83, 92], [47, 44], [84, 10], [9, 52], [64, 34], [41, 42], [9, 34], [28, 72]], "precedence_constraints": [[6, 5], [4, 8], [5, 3]]}