{"Q": [[1, 1, 1], [1, 0, 0], [1, 0, 1]], "R": [[0.0, 0.0, 0.0], [1.0, 0.0, 1.0], [0.0, 0.0, 1.0], [1.0, 0.0, 0.0], [1.0, 1.0, 1.0], [1.0, 1.0, 1.0], [1.0, 0.0, 1.0], [0.0, 1.0, 0.0], [0.0, 1.0, 0.0], [0.0, 0.0, 0.0]], "T_e": [0, 92, 99, 81, 52, 87, 61, 64, 65, 0], "T_t": [[0.0, 11.40175425099138, 75.13321502504735, 82.34682750416071, 25.079872407968907, 51.088159097779204, 80.89499366462674, 71.17583859709698, 68.11754546370561, 56.089214649520635], [11.40175425099138, 0.0, 63.788713735268246, 73.92563831310488, 30.870698080866262, 40.44749683231337, 69.58448102845921, 59.93329625508679, 57.982756057296896, 44.721359549995796], [75.13321502504735, 63.788713735268246, 0.0, 47.01063709417264, 84.970583144992, 28.0178514522438, 6.082762530298219, 18.35755975068582, 38.01315561749642, 19.1049731745428], [82.34682750416071, 73.92563831310488, 47.01063709417264, 0.0, 77.52418977325722, 39.20459156782532, 46.2709412050371, 63.788713735268246, 81.32035415564789, 49.24428900898052], [25.079872407968907, 30.870698080866262, 84.970583144992, 77.52418977325722, 0.0, 57.38466694161429, 89.96110270555825, 86.05230967266364, 87.6184911990614, 67.4166151627327], [51.088159097779204, 40.44749683231337, 28.0178514522438, 39.20459156782532, 57.38466694161429, 0.0, 32.64965543462902, 34.92849839314596, 47.01063709417264, 14.560219778561036], [80.89499366462674, 69.58448102845921, 6.082762530298219, 46.2709412050371, 89.96110270555825, 32.64965543462902, 0.0, 22.67156809750927, 42.5205832509386, 25.019992006393608], [71.17583859709698, 59.93329625508679, 18.35755975068582, 63.788713735268246, 86.05230967266364, 34.92849839314596, 22.67156809750927, 0.0, 19.849433241279208, 20.591260281974], [68.11754546370561, 57.982756057296896, 38.01315561749642, 81.32035415564789, 87.6184911990614, 47.01063709417264, 42.5205832509386, 19.849433241279208, 0.0, 33.13608305156178], [56.089214649520635, 44.721359549995796, 19.1049731745428, 49.24428900898052, 67.4166151627327, 14.560219778561036, 25.019992006393608, 20.591260281974, 33.13608305156178, 0.0]], "task_locations": [[45, 89], [42, 78], [32, 15], [79, 14], [70, 91], [48, 38], [33, 9], [16, 24], [1, 37], [34, 34]], "precedence_constraints": [[3, 1]]}