{"Q": [[1, 0, 0], [1, 0, 1], [1, 1, 0]], "R": [[0.0, 0.0, 0.0], [0.0, 1.0, 0.0], [1.0, 0.0, 0.0], [0.0, 0.0, 1.0], [0.0, 1.0, 0.0], [0.0, 1.0, 0.0], [0.0, 0.0, 1.0], [0.0, 1.0, 0.0], [1.0, 1.0, 0.0], [0.0, 0.0, 0.0]], "T_e": [0, 88, 98, 97, 54, 64, 74, 67, 63, 0], "T_t": [[0.0, 75.23961722390672, 90.0499861188218, 113.14592347937243, 62.96824596572466, 86.14522621712709, 45.221676218380054, 50.0, 92.02716990106781, 87.02298546935747], [75.23961722390672, 0.0, 89.19641248391103, 85.21150157109074, 93.38094023943002, 12.806248474865697, 78.24321056807422, 25.709920264364882, 37.94733192202055, 12.649110640673518], [90.0499861188218, 89.19641248391103, 0.0, 36.013886210738214, 37.57658845611187, 100.31948963187563, 46.75467891024384, 78.16009211867653, 63.7808748764079, 90.35485598461214], [113.14592347937243, 85.21150157109074, 36.013886210738214, 0.0, 72.03471385380801, 93.08598175880189, 76.05918747922567, 84.86459803710851, 49.36598018878993, 81.2219182240853], [62.96824596572466, 93.38094023943002, 37.57658845611187, 72.03471385380801, 0.0, 106.07544484940895, 19.235384061671343, 73.24616030891995, 82.46211251235322, 99.35793878699377], [86.14522621712709, 12.806248474865697, 100.31948963187563, 93.08598175880189, 106.07544484940895, 0.0, 91.0494371207203, 37.69615364994153, 44.04543109109048, 12.165525060596439], [45.221676218380054, 78.24321056807422, 46.75467891024384, 76.05918747922567, 19.235384061671343, 91.0494371207203, 0.0, 56.08029957123981, 74.14849964766651, 85.75546629807339], [50.0, 25.709920264364882, 78.16009211867653, 84.86459803710851, 73.24616030891995, 37.69615364994153, 56.08029957123981, 0.0, 47.634021455258214, 37.05401462729781], [92.02716990106781, 37.94733192202055, 63.7808748764079, 49.36598018878993, 82.46211251235322, 44.04543109109048, 74.14849964766651, 47.634021455258214, 0.0, 32.0], [87.02298546935747, 12.649110640673518, 90.35485598461214, 81.2219182240853, 99.35793878699377, 12.165525060596439, 85.75546629807339, 37.05401462729781, 32.0, 0.0]], "task_locations": [[20, 97], [14, 22], [98, 52], [99, 16], [82, 86], [6, 12], [63, 83], [20, 47], [50, 10], [18, 10]], "precedence_constraints": [[7, 6], [4, 5], [3, 2], [4, 3], [3, 7], [3, 6]]}