{"Q": [[1, 0, 0], [0, 0, 1], [0, 1, 0]], "R": [[0.0, 0.0, 0.0], [1.0, 1.0, 0.0], [1.0, 0.0, 1.0], [0.0, 1.0, 0.0], [0.0, 1.0, 1.0], [1.0, 0.0, 0.0], [0.0, 1.0, 0.0], [1.0, 0.0, 0.0], [1.0, 0.0, 1.0], [0.0, 0.0, 0.0]], "T_e": [0, 67, 87, 82, 78, 59, 98, 64, 50, 0], "T_t": [[0.0, 43.174066289845804, 59.90826320300064, 71.7007670809734, 86.7294644281861, 51.62363799656123, 54.120236510939236, 108.85311203635843, 83.6301381082203, 105.0], [43.174066289845804, 0.0, 41.0, 38.27531841800928, 71.84705978674423, 37.16180835212409, 49.92995093127971, 79.37883848986453, 42.638011210655684, 76.92203845452875], [59.90826320300064, 41.0, 0.0, 22.360679774997898, 31.064449134018133, 8.48528137423857, 18.110770276274835, 49.49747468305833, 43.965895873961216, 45.34313619501854], [71.7007670809734, 38.27531841800928, 22.360679774997898, 0.0, 42.43819034784589, 28.071337695236398, 40.44749683231337, 41.10960958218893, 21.93171219946131, 38.8329756778952], [86.7294644281861, 71.84705978674423, 31.064449134018133, 42.43819034784589, 0.0, 37.21558813185679, 33.12099032335839, 37.21558813185679, 62.22539674441618, 32.14031735997639], [51.62363799656123, 37.16180835212409, 8.48528137423857, 28.071337695236398, 37.21558813185679, 0.0, 14.422205101855956, 57.982756057296896, 48.507731342539614, 53.81449618829484], [54.120236510939236, 49.92995093127971, 18.110770276274835, 40.44749683231337, 33.12099032335839, 14.422205101855956, 0.0, 62.433965115151864, 61.84658438426491, 57.688820407423826], [108.85311203635843, 79.37883848986453, 49.49747468305833, 41.10960958218893, 37.21558813185679, 57.982756057296896, 62.433965115151864, 0.0, 48.507731342539614, 5.0990195135927845], [83.6301381082203, 42.638011210655684, 43.965895873961216, 21.93171219946131, 62.22539674441618, 48.507731342539614, 61.84658438426491, 48.507731342539614, 0.0, 48.507731342539614], [105.0, 76.92203845452875, 45.34313619501854, 38.8329756778952, 32.14031735997639, 53.81449618829484, 57.688820407423826, 5.0990195135927845, 48.507731342539614, 0.0]], "task_locations": [[87, 76], [77, 34], [37, 43], [41, 21], [6, 45], [43, 49], [35, 61], [2, 8], [50, 1], [3, 13]], "precedence_constraints": [[4, 5], [3, 6], [8, 1], [8, 5], [2, 3], [7, 6]]}