{"Q": [[1, 1, 0], [1, 1, 1], [1, 0, 1]], "R": [[0.0, 0.0, 0.0], [1.0, 1.0, 0.0], [1.0, 0.0, 1.0], [1.0, 1.0, 1.0], [0.0, 1.0, 0.0], [1.0, 0.0, 0.0], [1.0, 0.0, 0.0], [1.0, 0.0, 0.0], [1.0, 1.0, 1.0], [0.0, 0.0, 0.0]], "T_e": [0, 58, 69, 53, 82, 50, 76, 56, 86, 0], "T_t": [[0.0, 79.32212806020776, 37.21558813185679, 73.00684899377592, 55.362442142665635, 76.83749084919418, 21.02379604162864, 51.24451190127583, 77.10382610480494, 58.69412236331676], [79.32212806020776, 0.0, 56.08029957123981, 43.56604182158393, 61.39218191268331, 24.08318915758459, 97.94896630388705, 61.40032573203501, 70.2353187506115, 53.600373133029585], [37.21558813185679, 56.08029957123981, 0.0, 71.449282711585, 20.0, 64.93843238021688, 48.38388161361178, 16.278820596099706, 87.46427842267951, 21.587033144922902], [73.00684899377592, 43.56604182158393, 71.449282711585, 0.0, 86.40023148117139, 20.248456731316587, 94.02127418834527, 84.40379138403677, 26.92582403567252, 81.34494452638098], [55.362442142665635, 61.39218191268331, 20.0, 86.40023148117139, 0.0, 76.16429609731846, 62.07253821135398, 4.123105625617661, 105.11898020814318, 8.602325267042627], [76.83749084919418, 24.08318915758459, 64.93843238021688, 20.248456731316587, 76.16429609731846, 0.0, 97.41663102366043, 75.0066663703967, 47.16990566028302, 69.72087205421343], [21.02379604162864, 97.94896630388705, 48.38388161361178, 94.02127418834527, 62.07253821135398, 97.41663102366043, 0.0, 58.137767414994535, 96.87620966986684, 67.7421582177598], [51.24451190127583, 61.40032573203501, 16.278820596099706, 84.40379138403677, 4.123105625617661, 75.0066663703967, 58.137767414994535, 0.0, 102.41581909060729, 10.816653826391969], [77.10382610480494, 70.2353187506115, 87.46427842267951, 26.92582403567252, 105.11898020814318, 47.16990566028302, 96.87620966986684, 102.41581909060729, 0.0, 101.54801819828883], [58.69412236331676, 53.600373133029585, 21.587033144922902, 81.34494452638098, 8.602325267042627, 69.72087205421343, 67.7421582177598, 10.816653826391969, 101.54801819828883, 0.0]], "task_locations": [[15, 20], [81, 64], [52, 16], [44, 87], [68, 4], [63, 80], [6, 1], [64, 5], [19, 97], [73, 11]], "precedence_constraints": [[7, 3], [5, 3], [8, 4], [5, 4], [3, 4], [2, 1]]}