{"Q": [[0, 1, 0], [0, 0, 1], [1, 1, 1]], "R": [[0.0, 0.0, 0.0], [0.0, 0.0, 1.0], [1.0, 0.0, 0.0], [0.0, 1.0, 0.0], [1.0, 1.0, 1.0], [0.0, 1.0, 1.0], [1.0, 1.0, 0.0], [0.0, 1.0, 1.0], [0.0, 0.0, 1.0], [0.0, 0.0, 0.0]], "T_e": [0, 55, 82, 84, 80, 94, 86, 94, 57, 0], "T_t": [[0.0, 65.19202405202648, 71.8679344353238, 44.40720662234904, 61.29437168288782, 57.42821606144492, 51.10772935672255, 84.38601779915912, 46.06517122512408, 65.62011886609167], [65.19202405202648, 0.0, 6.708203932499369, 70.21395872616783, 66.85057965343307, 36.87817782917155, 17.26267650163207, 41.43669871020132, 83.95236744726142, 66.84309986827361], [71.8679344353238, 6.708203932499369, 0.0, 75.18643494673756, 70.32780389006896, 39.96248240537617, 23.0, 39.84971769034255, 89.26925562588724, 69.8927750200262], [44.40720662234904, 70.21395872616783, 75.18643494673756, 0.0, 20.808652046684813, 39.11521443121589, 53.14132102234569, 64.19501538281614, 15.297058540778355, 25.80697580112788], [61.29437168288782, 66.85057965343307, 70.32780389006896, 20.808652046684813, 0.0, 30.4138126514911, 51.66236541235796, 49.09175083453431, 33.60059523282288, 5.0], [57.42821606144492, 36.87817782917155, 39.96248240537617, 39.11521443121589, 30.4138126514911, 0.0, 23.706539182259394, 27.80287754891569, 54.3323108288245, 30.0], [51.10772935672255, 17.26267650163207, 23.0, 53.14132102234569, 51.66236541235796, 23.706539182259394, 0.0, 39.56008088970496, 66.70832032063167, 52.40229002629561], [84.38601779915912, 41.43669871020132, 39.84971769034255, 64.19501538281614, 49.09175083453431, 27.80287754891569, 39.56008088970496, 0.0, 79.40403012442127, 46.010868281309364], [46.06517122512408, 83.95236744726142, 89.26925562588724, 15.297058540778355, 33.60059523282288, 54.3323108288245, 66.70832032063167, 79.40403012442127, 0.0, 38.41874542459709], [65.62011886609167, 66.84309986827361, 69.8927750200262, 25.80697580112788, 5.0, 30.0, 52.40229002629561, 46.010868281309364, 38.41874542459709, 0.0]], "task_locations": [[87, 22], [64, 83], [61, 89], [43, 16], [26, 28], [40, 55], [61, 66], [23, 77], [46, 1], [22, 31]], "precedence_constraints": [[2, 4], [6, 5], [8, 6], [8, 5], [7, 5]]}