{"Q": [[1, 1, 0], [0, 0, 1], [0, 1, 1]], "R": [[0.0, 0.0, 0.0], [0.0, 1.0, 0.0], [0.0, 1.0, 1.0], [1.0, 0.0, 1.0], [0.0, 0.0, 1.0], [0.0, 1.0, 1.0], [0.0, 1.0, 1.0], [0.0, 1.0, 0.0], [1.0, 1.0, 0.0], [0.0, 0.0, 0.0]], "T_e": [0, 73, 58, 99, 98, 94, 51, 89, 69, 0], "T_t": [[0.0, 37.69615364994153, 68.60029154456998, 47.042533945356304, 83.19855767980596, 52.630789467763066, 45.27692569068709, 12.727922061357855, 77.78174593052023, 65.11528238439882], [37.69615364994153, 0.0, 33.60059523282288, 46.66904755831214, 68.8839603971781, 16.0312195418814, 50.60632371551998, 49.64876634922564, 45.617978911828175, 29.068883707497267], [68.60029154456998, 33.60059523282288, 0.0, 53.33854141237835, 53.81449618829484, 28.284271247461902, 60.13318551349163, 81.21576201698781, 14.0, 30.364452901377952], [47.042533945356304, 46.66904755831214, 53.33854141237835, 0.0, 38.01315561749642, 59.64059020499378, 7.280109889280518, 57.0701322935211, 53.600373133029585, 71.19691004531025], [83.19855767980596, 68.8839603971781, 53.81449618829484, 38.01315561749642, 0.0, 75.15317691222374, 43.266615305567875, 94.25497334358543, 44.40720662234904, 82.37718130647589], [52.630789467763066, 16.0312195418814, 28.284271247461902, 59.64059020499378, 75.15317691222374, 0.0, 64.4980619863884, 63.90618123468183, 42.190046219457976, 13.038404810405298], [45.27692569068709, 50.60632371551998, 60.13318551349163, 7.280109889280518, 43.266615305567875, 64.4980619863884, 0.0, 54.147945482723536, 60.8276253029822, 76.48529270389177], [12.727922061357855, 49.64876634922564, 81.21576201698781, 57.0701322935211, 94.25497334358543, 63.90618123468183, 54.147945482723536, 0.0, 90.50966799187809, 75.96051605933177], [77.78174593052023, 45.617978911828175, 14.0, 53.600373133029585, 44.40720662234904, 42.190046219457976, 60.8276253029822, 90.50966799187809, 0.0, 43.93176527297759], [65.11528238439882, 29.068883707497267, 30.364452901377952, 71.19691004531025, 82.37718130647589, 13.038404810405298, 76.48529270389177, 75.96051605933177, 43.93176527297759, 0.0]], "task_locations": [[15, 13], [29, 48], [56, 68], [62, 15], [96, 32], [28, 64], [60, 8], [6, 4], [70, 68], [27, 77]], "precedence_constraints": [[3, 1], [3, 2], [5, 7]]}