{"Q": [[1, 0, 0], [1, 0, 1], [1, 1, 0]], "R": [[0.0, 0.0, 0.0], [1.0, 1.0, 0.0], [1.0, 1.0, 1.0], [0.0, 0.0, 1.0], [1.0, 1.0, 1.0], [1.0, 0.0, 1.0], [0.0, 0.0, 1.0], [1.0, 0.0, 0.0], [1.0, 1.0, 0.0], [0.0, 0.0, 0.0]], "T_e": [0, 59, 81, 99, 85, 83, 83, 93, 91, 0], "T_t": [[0.0, 90.0499861188218, 22.135943621178654, 6.4031242374328485, 67.60177512462228, 55.036351623268054, 5.830951894845301, 60.03332407921454, 62.68173577685928, 18.439088914585774], [90.0499861188218, 0.0, 69.1158447825099, 86.37129152675674, 84.21995013059554, 105.39449701004318, 93.02150289046077, 30.4138126514911, 53.74011537017761, 78.77182237323191], [22.135943621178654, 69.1158447825099, 0.0, 20.808652046684813, 67.08203932499369, 64.8459713474939, 24.08318915758459, 40.024992192379, 52.20153254455275, 11.40175425099138], [6.4031242374328485, 86.37129152675674, 20.808652046684813, 0.0, 61.29437168288782, 50.039984012787215, 12.206555615733702, 56.08029957123981, 56.60388679233962, 20.615528128088304], [67.60177512462228, 84.21995013059554, 67.08203932499369, 61.29437168288782, 0.0, 31.25699921617557, 73.43023900274328, 63.071388124885914, 30.610455730027933, 75.96051605933177], [55.036351623268054, 105.39449701004318, 64.8459713474939, 50.039984012787215, 31.25699921617557, 0.0, 60.207972893961475, 78.56844150166147, 53.85164807134504, 69.72087205421343], [5.830951894845301, 93.02150289046077, 24.08318915758459, 12.206555615733702, 73.43023900274328, 60.207972893961475, 0.0, 63.387695966961914, 68.00735254367721, 17.4928556845359], [60.03332407921454, 30.4138126514911, 40.024992192379, 56.08029957123981, 63.071388124885914, 78.56844150166147, 63.387695966961914, 0.0, 33.95585369269929, 50.59644256269407], [62.68173577685928, 53.74011537017761, 52.20153254455275, 56.60388679233962, 30.610455730027933, 53.85164807134504, 68.00735254367721, 33.95585369269929, 0.0, 63.25345840347388], [18.439088914585774, 78.77182237323191, 11.40175425099138, 20.615528128088304, 75.96051605933177, 69.72087205421343, 17.4928556845359, 50.59644256269407, 63.25345840347388, 0.0]], "task_locations": [[64, 6], [67, 96], [71, 27], [59, 10], [5, 39], [9, 8], [69, 3], [62, 66], [29, 58], [78, 18]], "precedence_constraints": [[3, 7], [6, 5], [3, 5], [6, 1], [8, 1]]}