{"Q": [[1, 0, 1], [0, 1, 0], [1, 1, 0]], "R": [[0.0, 0.0, 0.0], [0.0, 1.0, 0.0], [1.0, 0.0, 1.0], [1.0, 0.0, 0.0], [1.0, 0.0, 0.0], [0.0, 1.0, 1.0], [1.0, 1.0, 1.0], [1.0, 0.0, 1.0], [1.0, 1.0, 0.0], [0.0, 0.0, 0.0]], "T_e": [0, 70, 77, 88, 86, 72, 66, 84, 70, 0], "T_t": [[0.0, 13.341664064126334, 17.029386365926403, 84.81155581640984, 98.3107318658548, 44.40720662234904, 50.15974481593781, 81.40024569987489, 33.97057550292606, 21.95449840010015], [13.341664064126334, 0.0, 26.0, 80.1311425102625, 91.67878707749138, 50.695167422546305, 53.75872022286245, 73.53910524340094, 28.635642126552707, 15.231546211727817], [17.029386365926403, 26.0, 0.0, 101.82828683622247, 115.26057435220423, 57.21887800367987, 64.76109943476871, 98.08159868191383, 50.91168824543142, 38.41874542459709], [84.81155581640984, 80.1311425102625, 101.82828683622247, 0.0, 19.026297590440446, 62.39390995922599, 50.92150822589606, 22.20360331117452, 51.62363799656123, 65.0], [98.3107318658548, 91.67878707749138, 115.26057435220423, 19.026297590440446, 0.0, 80.65358020571685, 69.3757882838098, 19.924858845171276, 64.35060217278468, 77.15568676384133], [44.40720662234904, 50.695167422546305, 57.21887800367987, 62.39390995922599, 80.65358020571685, 0.0, 11.661903789690601, 71.17583859709698, 37.44329045369811, 41.400483088968905], [50.15974481593781, 53.75872022286245, 64.76109943476871, 50.92150822589606, 69.3757882838098, 11.661903789690601, 0.0, 61.00819617067857, 34.20526275297414, 41.78516483155236], [81.40024569987489, 73.53910524340094, 98.08159868191383, 22.20360331117452, 19.924858845171276, 71.17583859709698, 61.00819617067857, 0.0, 47.70744176750625, 59.665735560705194], [33.97057550292606, 28.635642126552707, 50.91168824543142, 51.62363799656123, 64.35060217278468, 37.44329045369811, 34.20526275297414, 47.70744176750625, 0.0, 13.416407864998739], [21.95449840010015, 15.231546211727817, 38.41874542459709, 65.0, 77.15568676384133, 41.400483088968905, 41.78516483155236, 59.665735560705194, 13.416407864998739, 0.0]], "task_locations": [[83, 77], [86, 64], [96, 88], [16, 25], [15, 6], [39, 83], [33, 73], [34, 12], [60, 52], [72, 58]], "precedence_constraints": [[5, 4], [7, 8], [7, 4], [2, 4]]}