{"Q": [[0, 1, 0], [1, 1, 1], [0, 1, 0]], "R": [[0.0, 0.0, 0.0], [1.0, 0.0, 1.0], [1.0, 0.0, 0.0], [0.0, 1.0, 1.0], [1.0, 0.0, 1.0], [1.0, 0.0, 1.0], [1.0, 0.0, 1.0], [0.0, 0.0, 1.0], [1.0, 1.0, 0.0], [0.0, 0.0, 0.0]], "T_e": [0, 99, 74, 64, 82, 67, 98, 67, 97, 0], "T_t": [[0.0, 40.80441152620633, 62.289646009589745, 88.72992730753249, 64.66065264130884, 27.202941017470888, 43.86342439892262, 51.478150704935004, 53.600373133029585, 18.110770276274835], [40.80441152620633, 0.0, 54.45181356024793, 100.17983829094555, 73.824115301167, 17.11724276862369, 53.45091205957107, 48.25971404805462, 53.85164807134504, 57.245087125446844], [62.289646009589745, 54.45181356024793, 0.0, 51.35172830587107, 28.861739379323623, 45.65084884205331, 25.059928172283335, 11.045361017187261, 12.206555615733702, 65.11528238439882], [88.72992730753249, 100.17983829094555, 51.35172830587107, 0.0, 26.419689627245813, 86.28441342444185, 48.010415536631214, 52.81098370604357, 46.8187996428785, 80.1311425102625], [64.66065264130884, 73.824115301167, 28.861739379323623, 26.419689627245813, 0.0, 59.90826320300064, 21.93171219946131, 27.294688127912362, 21.213203435596427, 59.20304046246274], [27.202941017470888, 17.11724276862369, 45.65084884205331, 86.28441342444185, 59.90826320300064, 0.0, 38.47076812334269, 37.013511046643494, 41.72529209005013, 41.617304093369626], [43.86342439892262, 53.45091205957107, 25.059928172283335, 48.010415536631214, 21.93171219946131, 38.47076812334269, 0.0, 15.556349186104045, 13.0, 42.0], [51.478150704935004, 48.25971404805462, 11.045361017187261, 52.81098370604357, 27.294688127912362, 37.013511046643494, 15.556349186104045, 0.0, 6.082762530298219, 54.12947441089743], [53.600373133029585, 53.85164807134504, 12.206555615733702, 46.8187996428785, 21.213203435596427, 41.72529209005013, 13.0, 6.082762530298219, 0.0, 54.230987451824994], [18.110770276274835, 57.245087125446844, 65.11528238439882, 80.1311425102625, 59.20304046246274, 41.617304093369626, 42.0, 54.12947441089743, 54.230987451824994, 0.0]], "task_locations": [[35, 92], [2, 68], [41, 30], [92, 24], [69, 37], [19, 70], [53, 52], [42, 41], [48, 40], [53, 94]], "precedence_constraints": [[5, 7], [8, 2], [3, 2]]}