{"Q": [[1, 0, 0], [1, 0, 0], [0, 1, 1]], "R": [[0.0, 0.0, 0.0], [1.0, 1.0, 1.0], [0.0, 1.0, 0.0], [1.0, 1.0, 0.0], [1.0, 1.0, 1.0], [0.0, 0.0, 1.0], [1.0, 1.0, 0.0], [1.0, 0.0, 0.0], [0.0, 1.0, 1.0], [0.0, 0.0, 0.0]], "T_e": [0, 62, 58, 58, 70, 51, 98, 50, 90, 0], "T_t": [[0.0, 43.01162633521314, 55.90169943749474, 50.48762224545735, 63.12685640834652, 84.86459803710851, 53.25410782277739, 68.96375859826666, 35.22782990761707, 19.313207915827967], [43.01162633521314, 0.0, 54.08326913195984, 10.816653826391969, 61.0, 42.04759208325728, 32.89376840679705, 25.96150997149434, 50.08991914547278, 23.769728648009426], [55.90169943749474, 54.08326913195984, 0.0, 49.47726750741192, 7.615773105863909, 82.85529554590944, 85.37564055396598, 67.11929677819934, 86.83317338436964, 52.0], [50.48762224545735, 10.816653826391969, 49.47726750741192, 0.0, 55.731499172371095, 37.64306044943742, 42.05948168962618, 20.615528128088304, 60.8276253029822, 32.0], [63.12685640834652, 61.0, 7.615773105863909, 55.731499172371095, 0.0, 87.66413177577246, 92.65527507918802, 72.44998274671983, 94.41398201537736, 59.61543424315552], [84.86459803710851, 42.04759208325728, 82.85529554590944, 37.64306044943742, 87.66413177577246, 0.0, 50.695167422546305, 17.029386365926403, 83.09632964216891, 65.55150646628954], [53.25410782277739, 32.89376840679705, 85.37564055396598, 42.05948168962618, 92.65527507918802, 50.695167422546305, 0.0, 43.266615305567875, 35.17101079013795, 38.897300677553446], [68.96375859826666, 25.96150997149434, 67.11929677819934, 20.615528128088304, 72.44998274671983, 17.029386365926403, 43.266615305567875, 0.0, 71.58910531638176, 49.72926703662542], [35.22782990761707, 50.08991914547278, 86.83317338436964, 60.8276253029822, 94.41398201537736, 83.09632964216891, 35.17101079013795, 71.58910531638176, 0.0, 35.608987629529715], [19.313207915827967, 23.769728648009426, 52.0, 32.0, 59.61543424315552, 65.55150646628954, 38.897300677553446, 49.72926703662542, 35.608987629529715, 0.0]], "task_locations": [[54, 90], [67, 49], [13, 52], [61, 40], [6, 49], [85, 11], [98, 60], [74, 24], [89, 94], [61, 72]], "precedence_constraints": [[3, 5], [3, 4], [2, 4], [2, 8], [6, 7], [6, 8]]}