{"Q": [[1, 0, 1], [0, 1, 0], [0, 1, 1]], "R": [[0.0, 0.0, 0.0], [0.0, 1.0, 0.0], [1.0, 1.0, 0.0], [1.0, 0.0, 0.0], [0.0, 0.0, 1.0], [1.0, 0.0, 0.0], [1.0, 1.0, 1.0], [0.0, 1.0, 1.0], [1.0, 0.0, 1.0], [0.0, 0.0, 0.0]], "T_e": [0, 72, 65, 66, 70, 88, 99, 85, 55, 0], "T_t": [[0.0, 9.219544457292887, 69.85699678629192, 28.635642126552707, 12.36931687685298, 13.92838827718412, 24.758836806279895, 60.14149981501958, 18.027756377319946, 78.00640999302557], [9.219544457292887, 0.0, 78.16009211867653, 25.553864678361276, 20.591260281974, 13.892443989449804, 27.313000567495326, 69.35416353759881, 24.73863375370596, 87.20091742636656], [69.85699678629192, 78.16009211867653, 0.0, 76.02631123499285, 65.12296062065974, 69.35416353759881, 59.90826320300064, 34.655446902326915, 69.02897942168927, 30.4138126514911], [28.635642126552707, 25.553864678361276, 76.02631123499285, 0.0, 40.11234224026316, 15.033296378372908, 16.278820596099706, 78.77182237323191, 46.52956049652737, 93.40770846134703], [12.36931687685298, 20.591260281974, 65.12296062065974, 40.11234224026316, 0.0, 25.079872407968907, 32.64965543462902, 50.21951811795888, 7.211102550927978, 68.96375859826666], [13.92838827718412, 13.892443989449804, 69.35416353759881, 15.033296378372908, 25.079872407968907, 0.0, 13.601470508735444, 66.61080993352356, 31.575306807693888, 82.73451516749222], [24.758836806279895, 27.313000567495326, 59.90826320300064, 16.278820596099706, 32.64965543462902, 13.601470508735444, 0.0, 63.56099432828282, 39.824615503479755, 77.42092740338364], [60.14149981501958, 69.35416353759881, 34.655446902326915, 78.77182237323191, 50.21951811795888, 66.61080993352356, 63.56099432828282, 0.0, 50.53711507397311, 19.6468827043885], [18.027756377319946, 24.73863375370596, 69.02897942168927, 46.52956049652737, 7.211102550927978, 31.575306807693888, 39.824615503479755, 50.53711507397311, 0.0, 69.85699678629192], [78.00640999302557, 87.20091742636656, 30.4138126514911, 93.40770846134703, 68.96375859826666, 82.73451516749222, 77.42092740338364, 19.6468827043885, 69.85699678629192, 0.0]], "task_locations": [[23, 53], [16, 47], [91, 69], [29, 25], [26, 65], [28, 40], [41, 36], [67, 94], [22, 71], [86, 99]], "precedence_constraints": [[3, 8]]}