{"Q": [[0, 1, 0], [1, 0, 1], [1, 0, 0]], "R": [[0.0, 0.0, 0.0], [0.0, 1.0, 1.0], [0.0, 1.0, 0.0], [0.0, 0.0, 1.0], [1.0, 0.0, 1.0], [0.0, 0.0, 1.0], [0.0, 1.0, 1.0], [1.0, 1.0, 1.0], [0.0, 1.0, 1.0], [0.0, 0.0, 0.0]], "T_e": [0, 57, 96, 97, 64, 88, 69, 99, 63, 0], "T_t": [[0.0, 45.70557952810576, 35.014282800023196, 55.072679252057455, 61.39218191268331, 35.510561809129406, 67.36467917239716, 64.51356446515724, 32.01562118716424, 34.0147027033899], [45.70557952810576, 0.0, 51.62363799656123, 43.86342439892262, 25.80697580112788, 18.601075237738275, 22.02271554554524, 20.615528128088304, 34.40930106817051, 51.10772935672255], [35.014282800023196, 51.62363799656123, 0.0, 29.068883707497267, 76.05918747922567, 33.12099032335839, 71.69379331573968, 61.61168720299745, 60.00833275470999, 1.0], [55.072679252057455, 43.86342439892262, 29.068883707497267, 0.0, 69.35416353759881, 29.154759474226502, 57.28001396647874, 43.41658669218482, 68.0294054067798, 29.5296461204668], [61.39218191268331, 25.80697580112788, 76.05918747922567, 69.35416353759881, 0.0, 43.86342439892262, 21.18962010041709, 34.0147027033899, 35.6931365951495, 75.43208866258443], [35.510561809129406, 18.601075237738275, 33.12099032335839, 29.154759474226502, 43.86342439892262, 0.0, 38.897300677553446, 31.064449134018133, 39.319206502675, 32.64965543462902], [67.36467917239716, 22.02271554554524, 71.69379331573968, 57.28001396647874, 21.18962010041709, 38.897300677553446, 0.0, 15.231546211727817, 49.92995093127971, 71.30918594402827], [64.51356446515724, 20.615528128088304, 61.61168720299745, 43.41658669218482, 34.0147027033899, 31.064449134018133, 15.231546211727817, 0.0, 54.56189146281496, 61.39218191268331], [32.01562118716424, 34.40930106817051, 60.00833275470999, 68.0294054067798, 35.6931365951495, 39.319206502675, 49.92995093127971, 54.56189146281496, 0.0, 59.09314681077663], [34.0147027033899, 51.10772935672255, 1.0, 29.5296461204668, 75.43208866258443, 32.64965543462902, 71.30918594402827, 61.39218191268331, 59.09314681077663, 0.0]], "task_locations": [[69, 68], [61, 23], [34, 67], [21, 41], [82, 8], [50, 38], [62, 1], [48, 7], [89, 43], [35, 67]], "precedence_constraints": [[5, 8]]}