{"Q": [[1, 1, 0], [1, 0, 0], [0, 0, 1]], "R": [[0.0, 0.0, 0.0], [0.0, 1.0, 1.0], [0.0, 1.0, 0.0], [1.0, 0.0, 1.0], [1.0, 0.0, 0.0], [1.0, 0.0, 1.0], [1.0, 0.0, 1.0], [0.0, 0.0, 1.0], [0.0, 1.0, 0.0], [0.0, 0.0, 0.0]], "T_e": [0, 75, 86, 92, 84, 52, 55, 50, 85, 0], "T_t": [[0.0, 38.07886552931954, 21.18962010041709, 13.152946437965905, 35.4682957019364, 45.0, 59.93329625508679, 46.010868281309364, 38.91015291668744, 29.966648127543394], [38.07886552931954, 0.0, 59.23681287847955, 33.06055050963308, 52.80151512977634, 51.62363799656123, 21.95449840010015, 49.16299421312742, 53.14132102234569, 25.059928172283335], [21.18962010041709, 59.23681287847955, 0.0, 29.732137494637012, 42.01190307520001, 55.226805085936306, 81.02468759581859, 57.706152185014034, 46.400431032480725, 47.38143096192854], [13.152946437965905, 33.06055050963308, 29.732137494637012, 0.0, 47.29693436154187, 55.00909015790027, 53.600373133029585, 55.226805085936306, 50.28916384272063, 17.804493814764857], [35.4682957019364, 52.80151512977634, 42.01190307520001, 47.29693436154187, 0.0, 14.317821063276353, 71.84705978674423, 18.027756377319946, 4.47213595499958, 60.0], [45.0, 51.62363799656123, 55.226805085936306, 55.00909015790027, 14.317821063276353, 0.0, 67.62396025078685, 4.47213595499958, 10.04987562112089, 64.53681120105021], [59.93329625508679, 21.95449840010015, 81.02468759581859, 53.600373133029585, 71.84705978674423, 67.62396025078685, 0.0, 64.25729530566937, 71.34423592694787, 41.012193308819754], [46.010868281309364, 49.16299421312742, 57.706152185014034, 55.226805085936306, 18.027756377319946, 4.47213595499958, 64.25729530566937, 0.0, 14.035668847618199, 63.60031446463138], [38.91015291668744, 53.14132102234569, 46.400431032480725, 50.28916384272063, 4.47213595499958, 10.04987562112089, 71.34423592694787, 14.035668847618199, 0.0, 62.12889826803627], [29.966648127543394, 25.059928172283335, 47.38143096192854, 17.804493814764857, 60.0, 64.53681120105021, 41.012193308819754, 63.60031446463138, 62.12889826803627, 0.0]], "task_locations": [[68, 50], [33, 35], [88, 57], [66, 37], [55, 83], [41, 86], [14, 24], [37, 84], [51, 85], [55, 23]], "precedence_constraints": [[4, 5], [8, 2], [7, 2], [8, 7], [4, 2]]}