{"Q": [[0, 0, 1], [1, 0, 0], [0, 1, 1]], "R": [[0.0, 0.0, 0.0], [1.0, 0.0, 1.0], [1.0, 0.0, 1.0], [0.0, 1.0, 0.0], [1.0, 0.0, 1.0], [1.0, 1.0, 1.0], [0.0, 0.0, 1.0], [1.0, 1.0, 1.0], [1.0, 0.0, 1.0], [0.0, 0.0, 0.0]], "T_e": [0, 91, 88, 53, 68, 66, 78, 85, 55, 0], "T_t": [[0.0, 61.032778078668514, 78.0, 65.79513659838392, 82.0, 1.4142135623730951, 17.26267650163207, 67.06713054842886, 45.5411901469428, 54.120236510939236], [61.032778078668514, 0.0, 80.23091673413684, 48.76474136094644, 113.86395390991831, 62.07253821135398, 78.16009211867653, 75.29276193632427, 71.58910531638176, 19.235384061671343], [78.0, 80.23091673413684, 0.0, 32.449961479175904, 48.662100242385755, 77.47257579298626, 83.48652585896721, 11.40175425099138, 35.4682957019364, 61.09828148156051], [65.79513659838392, 48.76474136094644, 32.449961479175904, 0.0, 74.70609078247904, 65.85590330410783, 77.38862965578342, 30.805843601498726, 41.0, 30.265491900843113], [82.0, 113.86395390991831, 48.662100242385755, 74.70609078247904, 0.0, 80.8084154033477, 77.00649323271382, 44.384682042344295, 43.01162633521314, 95.524865872714], [1.4142135623730951, 62.07253821135398, 77.47257579298626, 65.85590330410783, 80.8084154033477, 0.0, 16.1245154965971, 66.48308055437865, 44.721359549995796, 54.817880294662984], [17.26267650163207, 78.16009211867653, 83.48652585896721, 77.38862965578342, 77.00649323271382, 16.1245154965971, 0.0, 72.11102550927978, 48.373546489791295, 70.03570517957252], [67.06713054842886, 75.29276193632427, 11.40175425099138, 30.805843601498726, 44.384682042344295, 66.48308055437865, 72.11102550927978, 0.0, 24.08318915758459, 56.08029957123981], [45.5411901469428, 71.58910531638176, 35.4682957019364, 41.0, 43.01162633521314, 44.721359549995796, 48.373546489791295, 24.08318915758459, 0.0, 54.08326913195984], [54.120236510939236, 19.235384061671343, 61.09828148156051, 30.265491900843113, 95.524865872714, 54.817880294662984, 70.03570517957252, 56.08029957123981, 54.08326913195984, 0.0]], "task_locations": [[9, 36], [7, 97], [81, 66], [54, 84], [89, 18], [10, 35], [12, 19], [72, 59], [54, 43], [24, 88]], "precedence_constraints": [[2, 4]]}