{"Q": [[0, 1, 1], [0, 1, 0], [1, 0, 1]], "R": [[0.0, 0.0, 0.0], [0.0, 1.0, 1.0], [0.0, 1.0, 1.0], [1.0, 0.0, 0.0], [1.0, 1.0, 1.0], [1.0, 1.0, 0.0], [1.0, 0.0, 0.0], [1.0, 1.0, 1.0], [1.0, 0.0, 1.0], [0.0, 0.0, 0.0]], "T_e": [0, 60, 89, 54, 94, 60, 82, 79, 52, 0], "T_t": [[0.0, 67.53517601961218, 59.481089431852205, 45.967379738244816, 56.08029957123981, 55.569775957799216, 60.08327554319921, 52.08646657242167, 30.805843601498726, 32.449961479175904], [67.53517601961218, 0.0, 14.317821063276353, 68.54195795277518, 69.12307863514182, 60.207972893961475, 50.08991914547278, 104.20172743289815, 53.009433122794285, 71.61005515987263], [59.481089431852205, 14.317821063276353, 0.0, 54.56189146281496, 54.817880294662984, 45.89117562233506, 36.0, 91.43850392476902, 51.66236541235796, 58.7962583843564], [45.967379738244816, 68.54195795277518, 54.56189146281496, 0.0, 10.770329614269007, 15.524174696260024, 27.294688127912362, 41.182520563948, 67.23094525588644, 15.811388300841896], [56.08029957123981, 69.12307863514182, 54.817880294662984, 10.770329614269007, 0.0, 9.433981132056603, 22.02271554554524, 48.703182647543684, 75.17978451685, 26.570660511172846], [55.569775957799216, 60.207972893961475, 45.89117562233506, 15.524174696260024, 9.433981132056603, 0.0, 12.727922061357855, 56.36488268416781, 71.02816342831905, 30.01666203960727], [60.08327554319921, 50.08991914547278, 36.0, 27.294688127912362, 22.02271554554524, 12.727922061357855, 0.0, 68.47627326307996, 70.00714249274856, 39.81205847478876], [52.08646657242167, 104.20172743289815, 91.43850392476902, 41.182520563948, 48.703182647543684, 56.36488268416781, 68.47627326307996, 0.0, 82.60750571225353, 32.64965543462902], [30.805843601498726, 53.009433122794285, 51.66236541235796, 67.23094525588644, 75.17978451685, 71.02816342831905, 70.00714249274856, 82.60750571225353, 0.0, 58.05170109479997], [32.449961479175904, 71.61005515987263, 58.7962583843564, 15.811388300841896, 26.570660511172846, 30.01666203960727, 39.81205847478876, 32.64965543462902, 58.05170109479997, 0.0]], "task_locations": [[27, 47], [87, 16], [84, 30], [60, 79], [70, 83], [75, 75], [84, 66], [24, 99], [34, 17], [45, 74]], "precedence_constraints": [[3, 1], [8, 3], [6, 1], [7, 2]]}