{"Q": [[1, 0, 0], [0, 1, 0], [1, 0, 1]], "R": [[0.0, 0.0, 0.0], [0.0, 1.0, 0.0], [0.0, 0.0, 1.0], [1.0, 0.0, 0.0], [1.0, 0.0, 0.0], [0.0, 1.0, 1.0], [0.0, 0.0, 1.0], [0.0, 1.0, 1.0], [0.0, 1.0, 1.0], [0.0, 0.0, 0.0]], "T_e": [0, 94, 57, 54, 91, 70, 65, 60, 81, 0], "T_t": [[0.0, 32.38826948140329, 69.12307863514182, 34.48187929913333, 46.06517122512408, 37.48332962798263, 85.21150157109074, 71.19691004531025, 38.27531841800928, 13.152946437965905], [32.38826948140329, 0.0, 63.788713735268246, 12.165525060596439, 74.73285756613352, 5.0990195135927845, 88.56635930193812, 87.96590248499699, 36.359317925395686, 45.09988913511872], [69.12307863514182, 63.788713735268246, 0.0, 51.66236541235796, 74.02702209328699, 64.19501538281614, 29.206163733020468, 52.23983154643591, 31.25699921617557, 71.58910531638176], [34.48187929913333, 12.165525060596439, 51.66236541235796, 0.0, 71.11258679024411, 13.038404810405298, 76.94153624668537, 79.05694150420949, 25.495097567963924, 45.5411901469428], [46.06517122512408, 74.73285756613352, 74.02702209328699, 71.11258679024411, 0.0, 79.42921376924235, 72.94518489934754, 41.43669871020132, 56.04462507680822, 33.83784863137726], [37.48332962798263, 5.0990195135927845, 64.19501538281614, 13.038404810405298, 79.42921376924235, 0.0, 89.94442728707543, 91.21403400793103, 38.41874542459709, 50.15974481593781], [85.21150157109074, 88.56635930193812, 29.206163733020468, 76.94153624668537, 72.94518489934754, 89.94442728707543, 0.0, 37.013511046643494, 52.55473337388365, 83.2946576918352], [71.19691004531025, 87.96590248499699, 52.23983154643591, 79.05694150420949, 41.43669871020132, 91.21403400793103, 37.013511046643494, 0.0, 54.589376255824725, 63.90618123468183], [38.27531841800928, 36.359317925395686, 31.25699921617557, 25.495097567963924, 56.04462507680822, 38.41874542459709, 52.55473337388365, 54.589376255824725, 0.0, 42.80186911806539], [13.152946437965905, 45.09988913511872, 71.58910531638176, 45.5411901469428, 33.83784863137726, 50.15974481593781, 83.2946576918352, 63.90618123468183, 42.80186911806539, 0.0]], "task_locations": [[0, 56], [5, 88], [67, 73], [17, 86], [21, 15], [6, 93], [85, 50], [62, 21], [36, 69], [2, 43]], "precedence_constraints": [[8, 4], [2, 1], [6, 4]]}