{"Q": [[1, 1, 1], [0, 1, 1], [0, 1, 1]], "R": [[0.0, 0.0, 0.0], [1.0, 1.0, 1.0], [0.0, 1.0, 1.0], [1.0, 0.0, 0.0], [0.0, 0.0, 1.0], [1.0, 1.0, 0.0], [0.0, 0.0, 1.0], [0.0, 1.0, 1.0], [0.0, 1.0, 0.0], [0.0, 0.0, 0.0]], "T_e": [0, 60, 78, 50, 56, 91, 85, 85, 81, 0], "T_t": [[0.0, 31.78049716414141, 88.19297024139736, 30.01666203960727, 71.21797525905943, 79.88116173416608, 29.614185789921695, 92.66067126888301, 48.041648597857254, 64.47480127925948], [31.78049716414141, 0.0, 58.412327466040935, 37.8021163428716, 56.79788728465171, 62.68173577685928, 51.62363799656123, 62.80127387243033, 50.21951811795888, 43.278170016764804], [88.19297024139736, 58.412327466040935, 0.0, 77.10382610480494, 89.49860334105779, 88.68483523128404, 109.87720418721983, 4.47213595499958, 75.16648189186454, 71.30918594402827], [30.01666203960727, 37.8021163428716, 77.10382610480494, 0.0, 92.20086767487604, 99.24716620639605, 59.413803110051795, 81.39410298049853, 18.027756377319946, 80.62257748298549], [71.21797525905943, 56.79788728465171, 89.49860334105779, 92.20086767487604, 0.0, 10.04987562112089, 63.788713735268246, 92.44457799135652, 106.6770828247567, 18.24828759089466], [79.88116173416608, 62.68173577685928, 88.68483523128404, 99.24716620639605, 10.04987562112089, 0.0, 73.7563556583431, 91.2414379544733, 112.89375536317321, 20.248456731316587], [29.614185789921695, 51.62363799656123, 109.87720418721983, 59.413803110051795, 63.788713735268246, 73.7563556583431, 0.0, 114.21471008587291, 77.41446893184762, 65.06919393998976], [92.66067126888301, 62.80127387243033, 4.47213595499958, 81.39410298049853, 92.44457799135652, 91.2414379544733, 114.21471008587291, 0.0, 79.05694150420949, 74.33034373659252], [48.041648597857254, 50.21951811795888, 75.16648189186454, 18.027756377319946, 106.6770828247567, 112.89375536317321, 77.41446893184762, 79.05694150420949, 0.0, 93.40770846134703], [64.47480127925948, 43.278170016764804, 71.30918594402827, 80.62257748298549, 18.24828759089466, 20.248456731316587, 65.06919393998976, 74.33034373659252, 93.40770846134703, 0.0]], "task_locations": [[87, 50], [56, 57], [10, 93], [86, 80], [31, 6], [21, 5], [93, 21], [6, 95], [85, 98], [28, 24]], "precedence_constraints": [[8, 3], [1, 4]]}