{"Q": [[1, 0, 0], [1, 1, 1], [1, 0, 1]], "R": [[0.0, 0.0, 0.0], [1.0, 0.0, 0.0], [0.0, 0.0, 1.0], [0.0, 1.0, 1.0], [1.0, 1.0, 0.0], [1.0, 0.0, 1.0], [1.0, 0.0, 0.0], [0.0, 1.0, 0.0], [0.0, 1.0, 1.0], [0.0, 0.0, 0.0]], "T_e": [0, 76, 81, 72, 83, 71, 58, 55, 82, 0], "T_t": [[0.0, 65.27633568147036, 71.50524456289902, 24.020824298928627, 44.28317965096906, 31.827660925679098, 57.07889277132134, 66.73080248281148, 24.73863375370596, 62.64982043070834], [65.27633568147036, 0.0, 61.40032573203501, 41.593268686170845, 23.706539182259394, 91.706052144883, 88.3911760301898, 81.30190649671138, 66.18912297349165, 100.4987562112089], [71.50524456289902, 61.40032573203501, 0.0, 57.271284253105414, 48.16637831516918, 76.15773105863909, 45.17742799230607, 27.85677655436824, 51.03920062069938, 57.706152185014034], [24.020824298928627, 41.593268686170845, 57.271284253105414, 0.0, 20.396078054371138, 50.99019513592785, 59.80802621722272, 62.03224967708329, 29.206163733020468, 69.35416353759881], [44.28317965096906, 23.706539182259394, 48.16637831516918, 20.396078054371138, 0.0, 68.41052550594829, 66.21933252457322, 62.03224967708329, 42.485291572496, 77.83315488916018], [31.827660925679098, 91.706052144883, 76.15773105863909, 50.99019513592785, 68.41052550594829, 0.0, 42.20189569201838, 59.464274989274024, 28.0178514522438, 41.10960958218893], [57.07889277132134, 88.3911760301898, 45.17742799230607, 59.80802621722272, 66.21933252457322, 42.20189569201838, 0.0, 19.924858845171276, 33.13608305156178, 13.0], [66.73080248281148, 81.30190649671138, 27.85677655436824, 62.03224967708329, 62.03224967708329, 59.464274989274024, 19.924858845171276, 0.0, 42.15447781671598, 31.016124838541646], [24.73863375370596, 66.18912297349165, 51.03920062069938, 29.206163733020468, 42.485291572496, 28.0178514522438, 33.13608305156178, 42.15447781671598, 0.0, 40.85339643163099], [62.64982043070834, 100.4987562112089, 57.706152185014034, 69.35416353759881, 77.83315488916018, 41.10960958218893, 13.0, 31.016124838541646, 40.85339643163099, 0.0]], "task_locations": [[32, 76], [26, 11], [85, 28], [33, 52], [37, 32], [55, 98], [89, 73], [95, 54], [56, 70], [94, 85]], "precedence_constraints": [[6, 2]]}