{"Q": [[1, 0, 0], [1, 0, 1], [1, 1, 0]], "R": [[0.0, 0.0, 0.0], [1.0, 1.0, 0.0], [0.0, 1.0, 1.0], [0.0, 0.0, 1.0], [1.0, 0.0, 0.0], [1.0, 1.0, 1.0], [0.0, 0.0, 1.0], [0.0, 1.0, 1.0], [0.0, 0.0, 1.0], [0.0, 0.0, 0.0]], "T_e": [0, 57, 89, 58, 81, 68, 91, 76, 57, 0], "T_t": [[0.0, 61.032778078668514, 78.03204469959762, 100.72239075796404, 88.88756943465155, 40.024992192379, 76.94153624668537, 77.62087348130012, 47.16990566028302, 80.50465825031493], [61.032778078668514, 0.0, 68.30812543175226, 49.8196748283246, 90.07774419910837, 23.08679276123039, 70.57619995437555, 76.96752561957543, 72.62231062146122, 20.248456731316587], [78.03204469959762, 68.30812543175226, 0.0, 58.137767414994535, 22.80350850198276, 58.008620049092706, 4.123105625617661, 12.083045973594572, 41.182520563948, 70.45565981523414], [100.72239075796404, 49.8196748283246, 58.137767414994535, 0.0, 79.32212806020776, 61.91122676865643, 62.16912416947821, 70.21395872616783, 88.20430828479978, 34.17601498127012], [88.88756943465155, 90.07774419910837, 22.80350850198276, 79.32212806020776, 0.0, 77.10382610480494, 19.72308292331602, 13.341664064126334, 43.9089968002003, 93.23089616645332], [40.024992192379, 23.08679276123039, 58.008620049092706, 61.91122676865643, 77.10382610480494, 0.0, 59.07622195096772, 63.788713735268246, 51.66236541235796, 41.0], [76.94153624668537, 70.57619995437555, 4.123105625617661, 62.16912416947821, 19.72308292331602, 59.07622195096772, 0.0, 8.06225774829855, 38.27531841800928, 73.60027173862879], [77.62087348130012, 76.96752561957543, 12.083045973594572, 70.21395872616783, 13.341664064126334, 63.788713735268246, 8.06225774829855, 0.0, 35.35533905932738, 81.05553651663777], [47.16990566028302, 72.62231062146122, 41.182520563948, 88.20430828479978, 43.9089968002003, 51.66236541235796, 38.27531841800928, 35.35533905932738, 0.0, 84.970583144992], [80.50465825031493, 20.248456731316587, 70.45565981523414, 34.17601498127012, 93.23089616645332, 41.0, 73.60027173862879, 81.05553651663777, 84.970583144992, 0.0]], "task_locations": [[14, 4], [16, 65], [81, 44], [55, 96], [99, 30], [23, 43], [82, 40], [86, 33], [61, 8], [23, 84]], "precedence_constraints": [[8, 6], [6, 5], [7, 5], [4, 2]]}