{"Q": [[1, 1, 0], [1, 0, 0], [1, 0, 1]], "R": [[0.0, 0.0, 0.0], [1.0, 1.0, 1.0], [1.0, 0.0, 0.0], [0.0, 1.0, 0.0], [1.0, 1.0, 0.0], [1.0, 0.0, 0.0], [1.0, 0.0, 0.0], [0.0, 1.0, 1.0], [1.0, 0.0, 0.0], [0.0, 0.0, 0.0]], "T_e": [0, 66, 73, 73, 59, 95, 55, 55, 94, 0], "T_t": [[0.0, 46.95742752749558, 44.40720662234904, 33.421549934136806, 45.0111097397076, 64.07027391856539, 48.38388161361178, 39.395431207184416, 29.410882339705484, 42.15447781671598], [46.95742752749558, 0.0, 74.30343195303969, 79.92496481075234, 78.77182237323191, 110.78808600206071, 7.211102550927978, 81.32035415564789, 66.12110101926616, 89.05054744357274], [44.40720662234904, 74.30343195303969, 0.0, 39.408120990476064, 7.0710678118654755, 59.53990258641679, 71.28113354878694, 23.40939982143925, 67.97793759742936, 53.0], [33.421549934136806, 79.92496481075234, 39.408120990476064, 0.0, 34.655446902326915, 30.886890422961002, 80.49844718999243, 18.027756377319946, 38.05259518088089, 13.92838827718412], [45.0111097397076, 78.77182237323191, 7.0710678118654755, 34.655446902326915, 0.0, 52.773099207835045, 76.21679604916491, 17.4928556845359, 66.12866246946176, 47.80167361086848], [64.07027391856539, 110.78808600206071, 59.53990258641679, 30.886890422961002, 52.773099207835045, 0.0, 111.36426715962351, 37.0, 60.41522986797286, 24.413111231467404], [48.38388161361178, 7.211102550927978, 71.28113354878694, 80.49844718999243, 76.21679604916491, 111.36426715962351, 0.0, 80.2807573457052, 70.02856560004639, 90.47651629014017], [39.395431207184416, 81.32035415564789, 23.40939982143925, 18.027756377319946, 17.4928556845359, 37.0, 80.2807573457052, 0.0, 53.600373133029585, 30.479501308256342], [29.410882339705484, 66.12110101926616, 67.97793759742936, 38.05259518088089, 66.12866246946176, 60.41522986797286, 70.02856560004639, 53.600373133029585, 0.0, 36.24913792078372], [42.15447781671598, 89.05054744357274, 53.0, 13.92838827718412, 47.80167361086848, 24.413111231467404, 90.47651629014017, 30.479501308256342, 36.24913792078372, 0.0]], "task_locations": [[60, 46], [81, 4], [16, 40], [39, 72], [15, 47], [24, 99], [75, 0], [24, 62], [77, 70], [44, 85]], "precedence_constraints": [[4, 1], [2, 6], [7, 4], [7, 6], [4, 8]]}