{"Q": [[0, 1, 1], [1, 0, 1], [0, 1, 0]], "R": [[0.0, 0.0, 0.0], [1.0, 0.0, 1.0], [0.0, 1.0, 0.0], [1.0, 0.0, 1.0], [1.0, 1.0, 0.0], [1.0, 1.0, 1.0], [1.0, 0.0, 0.0], [0.0, 0.0, 1.0], [0.0, 0.0, 1.0], [0.0, 0.0, 0.0]], "T_e": [0, 78, 75, 53, 52, 50, 93, 97, 79, 0], "T_t": [[0.0, 23.706539182259394, 34.48187929913333, 50.08991914547278, 25.079872407968907, 46.09772228646444, 59.90826320300064, 22.20360331117452, 34.0147027033899, 24.0], [23.706539182259394, 0.0, 57.9396237474839, 56.00892785976178, 40.70626487409524, 61.84658438426491, 83.52843827104634, 8.06225774829855, 31.827660925679098, 24.698178070456937], [34.48187929913333, 57.9396237474839, 0.0, 65.19202405202648, 38.07886552931954, 46.861498055439924, 28.600699292150182, 56.515484603779164, 54.405882034941776, 47.38143096192854], [50.08991914547278, 56.00892785976178, 65.19202405202648, 0.0, 28.284271247461902, 25.019992006393608, 72.99315036357864, 48.0, 82.28000972289685, 72.42237223399962], [25.079872407968907, 40.70626487409524, 38.07886552931954, 28.284271247461902, 0.0, 21.587033144922902, 52.61178575186362, 34.40930106817051, 59.07622195096772, 49.040799340956916], [46.09772228646444, 61.84658438426491, 46.861498055439924, 25.019992006393608, 21.587033144922902, 0.0, 48.76474136094644, 55.00909015790027, 80.02499609497022, 70.06425622241343], [59.90826320300064, 83.52843827104634, 28.600699292150182, 72.99315036357864, 52.61178575186362, 48.76474136094644, 0.0, 80.49844718999243, 83.00602387778854, 75.82216034906945], [22.20360331117452, 8.06225774829855, 56.515484603779164, 48.0, 34.40930106817051, 55.00909015790027, 80.49844718999243, 0.0, 38.600518131237564, 30.4138126514911], [34.0147027033899, 31.827660925679098, 54.405882034941776, 82.28000972289685, 59.07622195096772, 80.02499609497022, 83.00602387778854, 38.600518131237564, 0.0, 10.04987562112089], [24.0, 24.698178070456937, 47.38143096192854, 72.42237223399962, 49.040799340956916, 70.06425622241343, 75.82216034906945, 30.4138126514911, 10.04987562112089, 0.0]], "task_locations": [[61, 69], [72, 90], [51, 36], [16, 91], [36, 71], [15, 66], [28, 19], [64, 91], [95, 68], [85, 69]], "precedence_constraints": [[7, 2], [7, 8], [6, 8]]}