{"Q": [[1, 0, 0], [1, 0, 1], [1, 1, 1]], "R": [[0.0, 0.0, 0.0], [1.0, 1.0, 0.0], [1.0, 1.0, 1.0], [1.0, 0.0, 0.0], [1.0, 0.0, 1.0], [0.0, 1.0, 1.0], [1.0, 0.0, 1.0], [1.0, 0.0, 1.0], [1.0, 0.0, 1.0], [0.0, 0.0, 0.0]], "T_e": [0, 71, 80, 62, 71, 73, 83, 66, 77, 0], "T_t": [[0.0, 50.99019513592785, 28.178005607210743, 65.96969000988257, 61.204574992397426, 73.348483283569, 8.06225774829855, 93.74433316206373, 34.36568055487916, 87.66413177577246], [50.99019513592785, 0.0, 48.76474136094644, 31.622776601683793, 42.638011210655684, 32.55764119219941, 46.87216658103186, 43.86342439892262, 33.0, 38.27531841800928], [28.178005607210743, 48.76474136094644, 0.0, 48.60041152089147, 76.6550715869472, 79.30952023559341, 33.421549934136806, 83.86894538504703, 51.07837115648854, 77.46612162745726], [65.96969000988257, 31.622776601683793, 48.60041152089147, 0.0, 74.2024258363566, 59.36328831862332, 65.49045732013177, 38.62641583165593, 61.68468205316454, 32.57299494980466], [61.204574992397426, 42.638011210655684, 76.6550715869472, 74.2024258363566, 0.0, 27.459060435491963, 53.33854141237835, 73.55270219373317, 27.0, 70.40596565632774], [73.348483283569, 32.55764119219941, 79.30952023559341, 59.36328831862332, 27.459060435491963, 0.0, 66.73080248281148, 48.08326112068523, 41.86884283091664, 46.09772228646444], [8.06225774829855, 46.87216658103186, 33.421549934136806, 65.49045732013177, 53.33854141237835, 66.73080248281148, 0.0, 90.4267659490264, 26.68332812825267, 84.53401682163222], [93.74433316206373, 43.86342439892262, 83.86894538504703, 38.62641583165593, 73.55270219373317, 48.08326112068523, 90.4267659490264, 0.0, 75.18643494673756, 6.4031242374328485], [34.36568055487916, 33.0, 51.07837115648854, 61.68468205316454, 27.0, 41.86884283091664, 26.68332812825267, 75.18643494673756, 0.0, 70.21395872616783], [87.66413177577246, 38.27531841800928, 77.46612162745726, 32.57299494980466, 70.40596565632774, 46.09772228646444, 84.53401682163222, 6.4031242374328485, 70.21395872616783, 0.0]], "task_locations": [[85, 4], [51, 42], [98, 29], [69, 68], [24, 9], [19, 36], [77, 3], [33, 82], [51, 9], [38, 78]], "precedence_constraints": [[4, 6]]}