{"Q": [[1, 1, 0], [0, 0, 1], [0, 1, 1]], "R": [[0.0, 0.0, 0.0], [1.0, 1.0, 0.0], [1.0, 0.0, 1.0], [1.0, 0.0, 0.0], [0.0, 1.0, 1.0], [0.0, 0.0, 1.0], [1.0, 0.0, 0.0], [0.0, 1.0, 0.0], [0.0, 0.0, 1.0], [0.0, 0.0, 0.0]], "T_e": [0, 83, 51, 72, 52, 78, 52, 71, 61, 0], "T_t": [[0.0, 77.31752712031083, 35.4400902933387, 29.154759474226502, 57.07889277132134, 82.46211251235322, 105.3612832116238, 81.41252974819048, 71.02112361825881, 12.041594578792296], [77.31752712031083, 0.0, 43.104524124504614, 50.15974481593781, 22.360679774997898, 46.84015371452148, 67.02984409947557, 75.8023746329889, 8.602325267042627, 65.49045732013177], [35.4400902933387, 43.104524124504614, 0.0, 7.0710678118654755, 26.419689627245813, 51.61395160225576, 76.00657866263946, 62.12889826803627, 36.05551275463989, 24.596747752497688], [29.154759474226502, 50.15974481593781, 7.0710678118654755, 0.0, 33.1058907144937, 55.226805085936306, 79.20227269466452, 61.98386886924694, 43.01162633521314, 19.209372712298546], [57.07889277132134, 22.360679774997898, 26.419689627245813, 33.1058907144937, 0.0, 55.44366510251645, 79.07591289387686, 77.3692445355388, 19.849433241279208, 45.044422518220834], [82.46211251235322, 46.84015371452148, 51.61395160225576, 55.226805085936306, 55.44366510251645, 0.0, 24.596747752497688, 32.802438933713454, 40.44749683231337, 74.24957912338628], [105.3612832116238, 67.02984409947557, 76.00657866263946, 79.20227269466452, 79.07591289387686, 24.596747752497688, 0.0, 37.05401462729781, 62.20128616033595, 97.94896630388705], [81.41252974819048, 75.8023746329889, 62.12889826803627, 61.98386886924694, 77.3692445355388, 32.802438933713454, 37.05401462729781, 0.0, 68.0, 77.4919350642375], [71.02112361825881, 8.602325267042627, 36.05551275463989, 43.01162633521314, 19.849433241279208, 40.44749683231337, 62.20128616033595, 68.0, 0.0, 59.43904440685432], [12.041594578792296, 65.49045732013177, 24.596747752497688, 19.209372712298546, 45.044422518220834, 74.24957912338628, 97.94896630388705, 77.4919350642375, 59.43904440685432, 0.0]], "task_locations": [[5, 6], [12, 83], [15, 40], [16, 33], [2, 63], [57, 70], [79, 81], [77, 44], [17, 76], [4, 18]], "precedence_constraints": [[6, 8], [1, 2], [5, 3]]}