{"Q": [[1, 0, 1], [1, 1, 0], [1, 1, 0]], "R": [[0.0, 0.0, 0.0], [0.0, 0.0, 1.0], [0.0, 1.0, 0.0], [1.0, 0.0, 1.0], [1.0, 1.0, 0.0], [0.0, 0.0, 1.0], [1.0, 0.0, 1.0], [0.0, 0.0, 1.0], [1.0, 1.0, 0.0], [0.0, 0.0, 0.0]], "T_e": [0, 75, 60, 93, 74, 80, 69, 71, 89, 0], "T_t": [[0.0, 52.392747589718944, 46.52956049652737, 5.0, 29.206163733020468, 49.64876634922564, 38.01315561749642, 4.123105625617661, 38.2099463490856, 80.65977932030313], [52.392747589718944, 0.0, 98.08159868191383, 57.0087712549569, 28.635642126552707, 18.867962264113206, 34.66987164671943, 52.49761899362675, 26.92582403567252, 71.11258679024411], [46.52956049652737, 98.08159868191383, 0.0, 41.593268686170845, 75.47184905645283, 96.04165762834376, 82.3286098510111, 45.69463863518345, 84.0535543567314, 102.88342918079665], [5.0, 57.0087712549569, 41.593268686170845, 0.0, 34.20526275297414, 54.644304369257, 42.80186911806539, 5.0990195135927845, 43.18564576337837, 81.34494452638098], [29.206163733020468, 28.635642126552707, 75.47184905645283, 34.20526275297414, 0.0, 20.591260281974, 13.038404810405298, 31.11269837220809, 9.433981132056603, 83.38465086573187], [49.64876634922564, 18.867962264113206, 96.04165762834376, 54.644304369257, 20.591260281974, 0.0, 19.235384061671343, 51.22499389946279, 13.152946437965905, 88.11923740024082], [38.01315561749642, 34.66987164671943, 82.3286098510111, 42.80186911806539, 13.038404810405298, 19.235384061671343, 0.0, 40.8166632639171, 7.810249675906654, 95.85927185202274], [4.123105625617661, 52.49761899362675, 45.69463863518345, 5.0990195135927845, 31.11269837220809, 51.22499389946279, 40.8166632639171, 0.0, 40.36087214122113, 77.07788269017254], [38.2099463490856, 26.92582403567252, 84.0535543567314, 43.18564576337837, 9.433981132056603, 13.152946437965905, 7.810249675906654, 40.36087214122113, 0.0, 89.1852005660132], [80.65977932030313, 71.11258679024411, 102.88342918079665, 81.34494452638098, 83.38465086573187, 88.11923740024082, 95.85927185202274, 77.07788269017254, 89.1852005660132, 0.0]], "task_locations": [[62, 43], [74, 94], [40, 2], [59, 39], [80, 66], [90, 84], [93, 65], [58, 44], [88, 71], [3, 98]], "precedence_constraints": [[1, 6]]}