{"Q": [[0, 0, 1], [1, 1, 0], [0, 1, 0]], "R": [[0.0, 0.0, 0.0], [0.0, 0.0, 1.0], [0.0, 0.0, 1.0], [0.0, 1.0, 0.0], [0.0, 0.0, 1.0], [0.0, 0.0, 1.0], [1.0, 0.0, 0.0], [1.0, 1.0, 0.0], [1.0, 1.0, 1.0], [0.0, 0.0, 0.0]], "T_e": [0, 93, 95, 86, 87, 89, 95, 59, 70, 0], "T_t": [[0.0, 73.10950690573696, 45.09988913511872, 94.37160589923221, 79.00632886041473, 67.35725647619564, 66.75327707311455, 94.26027795418386, 88.3911760301898, 96.33275663033837], [73.10950690573696, 0.0, 28.861739379323623, 94.57801012920498, 109.87720418721983, 26.570660511172846, 15.652475842498529, 75.8023746329889, 66.75327707311455, 76.53103945458993], [45.09988913511872, 28.861739379323623, 0.0, 82.09750300709517, 87.8179936004006, 26.1725046566048, 22.135943621178654, 70.09279563550022, 61.68468205316454, 71.56814934033156], [94.37160589923221, 94.57801012920498, 82.09750300709517, 0.0, 40.44749683231337, 68.00735254367721, 79.05694150420949, 25.238858928247925, 31.827660925679098, 26.419689627245813], [79.00632886041473, 109.87720418721983, 87.8179936004006, 40.44749683231337, 0.0, 85.63293758829018, 94.79451460923254, 61.5223536610881, 64.28841264178172, 63.387695966961914], [67.35725647619564, 26.570660511172846, 26.1725046566048, 68.00735254367721, 85.63293758829018, 0.0, 11.180339887498949, 50.039984012787215, 41.012193308819754, 51.0], [66.75327707311455, 15.652475842498529, 22.135943621178654, 79.05694150420949, 94.79451460923254, 11.180339887498949, 0.0, 61.1310068623117, 52.08646657242167, 62.03224967708329], [94.26027795418386, 75.8023746329889, 70.09279563550022, 25.238858928247925, 61.5223536610881, 50.039984012787215, 61.1310068623117, 0.0, 9.055385138137417, 2.23606797749979], [88.3911760301898, 66.75327707311455, 61.68468205316454, 31.827660925679098, 64.28841264178172, 41.012193308819754, 52.08646657242167, 9.055385138137417, 0.0, 10.04987562112089], [96.33275663033837, 76.53103945458993, 71.56814934033156, 26.419689627245813, 63.387695966961914, 51.0, 62.03224967708329, 2.23606797749979, 10.04987562112089, 0.0]], "task_locations": [[14, 99], [10, 26], [17, 54], [99, 58], [93, 98], [35, 35], [24, 33], [85, 37], [76, 36], [86, 35]], "precedence_constraints": [[3, 7], [2, 4]]}