{"Q": [[1, 0, 1], [1, 1, 0], [0, 0, 1]], "R": [[0.0, 0.0, 0.0], [0.0, 1.0, 0.0], [1.0, 0.0, 0.0], [1.0, 0.0, 1.0], [1.0, 0.0, 1.0], [1.0, 0.0, 1.0], [1.0, 0.0, 0.0], [0.0, 0.0, 1.0], [1.0, 0.0, 1.0], [0.0, 0.0, 0.0]], "T_e": [0, 78, 78, 79, 75, 63, 63, 77, 62, 0], "T_t": [[0.0, 32.38826948140329, 53.75872022286245, 85.70297544426332, 79.05694150420949, 33.83784863137726, 13.0, 61.91122676865643, 62.96824596572466, 29.017236257093817], [32.38826948140329, 0.0, 63.12685640834652, 61.05735008989499, 81.85963596303125, 50.774009099144415, 31.906112267087632, 34.20526275297414, 42.44997055358225, 5.0], [53.75872022286245, 63.12685640834652, 0.0, 73.10950690573696, 26.68332812825267, 21.095023109728988, 66.49060083951716, 65.45991139621256, 52.46903848937962, 64.40496875241847], [85.70297544426332, 61.05735008989499, 73.10950690573696, 0.0, 70.51950084905593, 79.05694150420949, 90.78546139112804, 27.313000567495326, 23.706539182259394, 66.03786792439622], [79.05694150420949, 81.85963596303125, 26.68332812825267, 70.51950084905593, 0.0, 47.67598976424087, 91.35097153287424, 73.10950690573696, 56.61271941887264, 84.30895563343196], [33.83784863137726, 50.774009099144415, 21.095023109728988, 79.05694150420949, 47.67598976424087, 0.0, 46.8187996428785, 64.0, 55.78530272392541, 50.60632371551998], [13.0, 31.906112267087632, 66.49060083951716, 90.78546139112804, 91.35097153287424, 46.8187996428785, 0.0, 65.11528238439882, 69.33974329343886, 27.294688127912362], [61.91122676865643, 34.20526275297414, 65.45991139621256, 27.313000567495326, 73.10950690573696, 64.0, 65.11528238439882, 0.0, 17.204650534085253, 39.20459156782532], [62.96824596572466, 42.44997055358225, 52.46903848937962, 23.706539182259394, 56.61271941887264, 55.78530272392541, 69.33974329343886, 17.204650534085253, 0.0, 47.12748667179272], [29.017236257093817, 5.0, 64.40496875241847, 66.03786792439622, 84.30895563343196, 50.60632371551998, 27.294688127912362, 39.20459156782532, 47.12748667179272, 0.0]], "task_locations": [[28, 20], [60, 25], [19, 73], [92, 77], [25, 99], [17, 52], [33, 8], [81, 52], [71, 66], [57, 21]], "precedence_constraints": [[8, 1]]}