{"Q": [[1, 1, 1], [0, 1, 0], [0, 1, 1]], "R": [[0.0, 0.0, 0.0], [0.0, 1.0, 0.0], [1.0, 0.0, 0.0], [0.0, 0.0, 1.0], [1.0, 1.0, 0.0], [1.0, 1.0, 1.0], [0.0, 0.0, 1.0], [1.0, 0.0, 1.0], [1.0, 1.0, 1.0], [0.0, 0.0, 0.0]], "T_e": [0, 56, 67, 63, 88, 97, 86, 95, 65, 0], "T_t": [[0.0, 69.33974329343886, 108.2266141020775, 85.14693182963201, 51.264022471905186, 55.71355310873648, 57.688820407423826, 79.51100552753688, 86.05230967266364, 106.83164325236227], [69.33974329343886, 0.0, 54.00925846556311, 70.83784299369935, 22.360679774997898, 40.496913462633174, 11.661903789690601, 24.041630560342615, 44.82186966202994, 37.64306044943742], [108.2266141020775, 54.00925846556311, 0.0, 52.46903848937962, 74.54528824815154, 54.48853090330111, 60.67124524847005, 31.575306807693888, 93.60555539069249, 42.42640687119285], [85.14693182963201, 70.83784299369935, 52.46903848937962, 0.0, 79.61155694998057, 36.24913792078372, 68.24954212300622, 51.884487084291386, 115.26057435220423, 85.16454661418682], [51.264022471905186, 22.360679774997898, 74.54528824815154, 79.61155694998057, 0.0, 44.04543109109048, 14.0, 43.104524124504614, 40.85339643163099, 58.7962583843564], [55.71355310873648, 40.496913462633174, 54.48853090330111, 36.24913792078372, 44.04543109109048, 0.0, 34.40930106817051, 32.28002478313795, 82.20097323024831, 67.7421582177598], [57.688820407423826, 11.661903789690601, 60.67124524847005, 68.24954212300622, 14.0, 34.40930106817051, 0.0, 29.154759474226502, 47.80167361086848, 49.20365840057018], [79.51100552753688, 24.041630560342615, 31.575306807693888, 51.884487084291386, 43.104524124504614, 32.28002478313795, 29.154759474226502, 0.0, 67.7421582177598, 36.013886210738214], [86.05230967266364, 44.82186966202994, 93.60555539069249, 115.26057435220423, 40.85339643163099, 82.20097323024831, 47.80167361086848, 67.7421582177598, 0.0, 59.00847396772772], [106.83164325236227, 37.64306044943742, 42.42640687119285, 85.16454661418682, 58.7962583843564, 67.7421582177598, 49.20365840057018, 36.013886210738214, 59.00847396772772, 0.0]], "task_locations": [[0, 12], [38, 70], [92, 69], [85, 17], [18, 60], [52, 32], [32, 60], [61, 63], [3, 98], [62, 99]], "precedence_constraints": [[2, 5], [6, 5]]}