{"Q": [[0, 0, 1], [1, 1, 0], [0, 1, 1]], "R": [[0.0, 0.0, 0.0], [0.0, 1.0, 0.0], [0.0, 0.0, 1.0], [0.0, 1.0, 1.0], [0.0, 1.0, 1.0], [1.0, 0.0, 0.0], [1.0, 0.0, 1.0], [1.0, 1.0, 1.0], [1.0, 0.0, 0.0], [0.0, 0.0, 0.0]], "T_e": [0, 74, 99, 96, 56, 94, 68, 63, 63, 0], "T_t": [[0.0, 36.68787265568828, 66.30987860040162, 63.25345840347388, 38.118237105091836, 54.589376255824725, 51.66236541235796, 36.345563690772494, 47.16990566028302, 38.63935817272331], [36.68787265568828, 0.0, 45.221676218380054, 52.88667128870941, 41.86884283091664, 59.682493245507096, 15.132745950421556, 6.082762530298219, 65.76473218982953, 64.53681120105021], [66.30987860040162, 45.221676218380054, 0.0, 18.439088914585774, 86.37129152675674, 41.340053217188775, 40.52159917870962, 39.824615503479755, 60.74537019394976, 69.05070600652827], [63.25345840347388, 52.88667128870941, 18.439088914585774, 0.0, 90.55385138137417, 24.351591323771842, 53.009433122794285, 46.84015371452148, 45.5411901469428, 56.0357029044876], [38.118237105091836, 41.86884283091664, 86.37129152675674, 90.55385138137417, 0.0, 89.02246907382428, 53.23532661682466, 46.66904755831214, 85.00588214941364, 76.6550715869472], [54.589376255824725, 59.682493245507096, 41.340053217188775, 24.351591323771842, 89.02246907382428, 0.0, 65.55150646628954, 53.9351462406472, 22.02271554554524, 34.48187929913333], [51.66236541235796, 15.132745950421556, 40.52159917870962, 53.009433122794285, 53.23532661682466, 65.55150646628954, 0.0, 16.1245154965971, 75.6042326857432, 76.48529270389177], [36.345563690772494, 6.082762530298219, 39.824615503479755, 46.84015371452148, 46.66904755831214, 53.9351462406472, 16.1245154965971, 0.0, 61.05735008989499, 60.81118318204309], [47.16990566028302, 65.76473218982953, 60.74537019394976, 45.5411901469428, 85.00588214941364, 22.02271554554524, 75.6042326857432, 61.05735008989499, 0.0, 14.212670403551895], [38.63935817272331, 64.53681120105021, 69.05070600652827, 56.0357029044876, 76.6550715869472, 34.48187929913333, 76.48529270389177, 60.81118318204309, 14.212670403551895, 0.0]], "task_locations": [[73, 40], [38, 29], [12, 66], [24, 80], [70, 2], [47, 88], [23, 27], [37, 35], [69, 87], [80, 78]], "precedence_constraints": [[3, 7], [4, 1], [3, 2], [4, 5], [6, 1]]}