{"Q": [[1, 0, 0], [0, 0, 1], [1, 1, 1]], "R": [[0.0, 0.0, 0.0], [0.0, 0.0, 1.0], [0.0, 1.0, 0.0], [1.0, 1.0, 0.0], [0.0, 1.0, 1.0], [0.0, 1.0, 1.0], [1.0, 1.0, 0.0], [1.0, 1.0, 1.0], [0.0, 1.0, 1.0], [0.0, 0.0, 0.0]], "T_e": [0, 78, 52, 95, 50, 69, 83, 64, 53, 0], "T_t": [[0.0, 66.94027188471824, 50.15974481593781, 41.012193308819754, 36.05551275463989, 23.021728866442675, 9.0, 92.5418824100742, 46.66904755831214, 72.24956747275377], [66.94027188471824, 0.0, 76.60939890117922, 70.57619995437555, 41.773197148410844, 44.598206241955516, 69.6419413859206, 27.65863337187866, 36.235341863986875, 33.83784863137726], [50.15974481593781, 76.60939890117922, 0.0, 89.49860334105779, 36.76955262170047, 47.095647357266465, 42.05948168962618, 91.21403400793103, 80.06247560499239, 99.9599919967984], [41.012193308819754, 70.57619995437555, 89.49860334105779, 0.0, 63.51377803280167, 46.647615158762406, 50.00999900019995, 98.03060746521976, 34.92849839314596, 55.44366510251645], [36.05551275463989, 41.773197148410844, 36.76955262170047, 63.51377803280167, 0.0, 17.029386365926403, 34.132096331752024, 62.03224967708329, 45.0111097397076, 63.245553203367585], [23.021728866442675, 44.598206241955516, 47.095647357266465, 46.647615158762406, 17.029386365926403, 0.0, 25.079872407968907, 69.58448102845921, 33.52610922848042, 56.302753041036986], [9.0, 69.6419413859206, 42.05948168962618, 50.00999900019995, 34.132096331752024, 25.079872407968907, 0.0, 93.94147114027967, 53.41348144429457, 78.5175139698144], [92.5418824100742, 27.65863337187866, 91.21403400793103, 98.03060746521976, 62.03224967708329, 69.58448102845921, 93.94147114027967, 0.0, 63.324560795950255, 53.74011537017761], [46.66904755831214, 36.235341863986875, 80.06247560499239, 34.92849839314596, 45.0111097397076, 33.52610922848042, 53.41348144429457, 63.324560795950255, 0.0, 25.80697580112788], [72.24956747275377, 33.83784863137726, 99.9599919967984, 55.44366510251645, 63.245553203367585, 56.302753041036986, 78.5175139698144, 53.74011537017761, 25.80697580112788, 0.0]], "task_locations": [[96, 51], [31, 67], [76, 5], [97, 92], [62, 39], [73, 52], [96, 42], [4, 61], [63, 84], [42, 99]], "precedence_constraints": [[5, 6]]}