{"Q": [[0, 0, 1], [0, 1, 1], [1, 1, 0]], "R": [[0.0, 0.0, 0.0], [0.0, 1.0, 1.0], [1.0, 0.0, 1.0], [0.0, 0.0, 1.0], [0.0, 1.0, 1.0], [1.0, 1.0, 0.0], [0.0, 1.0, 1.0], [0.0, 0.0, 1.0], [1.0, 0.0, 0.0], [0.0, 0.0, 0.0]], "T_e": [0, 84, 96, 60, 55, 89, 89, 53, 92, 0], "T_t": [[0.0, 83.05419917138447, 56.4003546088143, 66.75327707311455, 45.880278987817846, 75.0, 45.0111097397076, 72.00694410957877, 41.23105625617661, 20.808652046684813], [83.05419917138447, 0.0, 64.53681120105021, 18.384776310850235, 40.26164427839479, 21.095023109728988, 95.01578816175763, 15.0, 48.84669896727925, 73.76313442364011], [56.4003546088143, 64.53681120105021, 0.0, 47.4236228055175, 33.52610922848042, 44.94441010848846, 95.85927185202274, 49.57822102496216, 61.1310068623117, 65.7875368135941], [66.75327707311455, 18.384776310850235, 47.4236228055175, 0.0, 22.20360331117452, 12.529964086141668, 85.14693182963201, 5.385164807134504, 38.2099463490856, 60.37383539249432], [45.880278987817846, 40.26164427839479, 33.52610922848042, 22.20360331117452, 0.0, 29.120439557122072, 72.20110802473879, 27.018512172212592, 29.614185789921695, 43.86342439892262], [75.0, 21.095023109728988, 44.94441010848846, 12.529964086141668, 29.120439557122072, 0.0, 96.93812459502195, 9.055385138137417, 50.24937810560445, 71.02112361825881], [45.0111097397076, 95.01578816175763, 95.85927185202274, 85.14693182963201, 72.20110802473879, 96.93812459502195, 0.0, 90.27181176868004, 47.01063709417264, 30.083217912982647], [72.00694410957877, 15.0, 49.57822102496216, 5.385164807134504, 27.018512172212592, 9.055385138137417, 90.27181176868004, 0.0, 43.278170016764804, 65.7419196555744], [41.23105625617661, 48.84669896727925, 61.1310068623117, 38.2099463490856, 29.614185789921695, 50.24937810560445, 47.01063709417264, 43.278170016764804, 0.0, 26.019223662515376], [20.808652046684813, 73.76313442364011, 65.7875368135941, 60.37383539249432, 43.86342439892262, 71.02112361825881, 30.083217912982647, 65.7419196555744, 26.019223662515376, 0.0]], "task_locations": [[85, 49], [2, 52], [51, 94], [19, 59], [41, 62], [13, 70], [84, 4], [14, 61], [47, 33], [73, 32]], "precedence_constraints": [[6, 3], [2, 3], [8, 3]]}