{"Q": [[0, 1, 0], [0, 0, 1], [1, 1, 0]], "R": [[0.0, 0.0, 0.0], [1.0, 0.0, 0.0], [0.0, 0.0, 1.0], [1.0, 0.0, 1.0], [1.0, 0.0, 0.0], [1.0, 0.0, 0.0], [1.0, 0.0, 1.0], [1.0, 0.0, 0.0], [0.0, 1.0, 0.0], [0.0, 0.0, 0.0]], "T_e": [0, 97, 71, 56, 89, 82, 74, 72, 68, 0], "T_t": [[0.0, 71.84010022264724, 2.23606797749979, 49.658836071740545, 75.0, 80.2122185206219, 18.027756377319946, 75.15317691222374, 79.90619500389191, 67.60177512462228], [71.84010022264724, 0.0, 74.04052944165107, 24.020824298928627, 20.8806130178211, 50.08991914547278, 63.071388124885914, 12.041594578792296, 82.03657720797473, 11.180339887498949], [2.23606797749979, 74.04052944165107, 0.0, 51.894122981316485, 77.00649323271382, 82.20097323024831, 19.697715603592208, 77.38862965578342, 81.21576201698781, 69.72087205421343], [49.658836071740545, 24.020824298928627, 51.894122981316485, 0.0, 36.61966684720111, 44.04543109109048, 39.20459156782532, 25.495097567963924, 66.73080248281148, 25.059928172283335], [75.0, 20.8806130178211, 77.00649323271382, 36.61966684720111, 0.0, 70.77428911688199, 71.06335201775947, 32.7566787083184, 101.04454463255303, 12.041594578792296], [80.2122185206219, 50.08991914547278, 82.20097323024831, 44.04543109109048, 70.77428911688199, 0.0, 63.12685640834652, 39.11521443121589, 37.69615364994153, 59.464274989274024], [18.027756377319946, 63.071388124885914, 19.697715603592208, 39.20459156782532, 71.06335201775947, 63.12685640834652, 0.0, 63.788713735268246, 62.289646009589745, 61.5223536610881], [75.15317691222374, 12.041594578792296, 77.38862965578342, 25.495097567963924, 32.7566787083184, 39.11521443121589, 63.788713735268246, 0.0, 73.10950690573696, 23.021728866442675], [79.90619500389191, 82.03657720797473, 81.21576201698781, 66.73080248281148, 101.04454463255303, 37.69615364994153, 62.289646009589745, 73.10950690573696, 0.0, 89.02246907382428], [67.60177512462228, 11.180339887498949, 69.72087205421343, 25.059928172283335, 12.041594578792296, 59.464274989274024, 61.5223536610881, 23.021728866442675, 89.02246907382428, 0.0]], "task_locations": [[3, 76], [23, 7], [2, 78], [24, 31], [3, 1], [68, 29], [20, 70], [35, 8], [82, 64], [12, 9]], "precedence_constraints": [[2, 7], [4, 7]]}