{"Q": [[1, 0, 0], [0, 0, 1], [1, 1, 1]], "R": [[0.0, 0.0, 0.0], [0.0, 0.0, 1.0], [0.0, 0.0, 1.0], [1.0, 0.0, 0.0], [0.0, 0.0, 1.0], [0.0, 1.0, 0.0], [1.0, 1.0, 0.0], [1.0, 0.0, 0.0], [1.0, 1.0, 0.0], [0.0, 0.0, 0.0]], "T_e": [0, 87, 84, 91, 55, 60, 80, 85, 54, 0], "T_t": [[0.0, 50.08991914547278, 15.231546211727817, 9.433981132056603, 68.8839603971781, 58.728187440104094, 9.055385138137417, 13.45362404707371, 26.0, 42.638011210655684], [50.08991914547278, 0.0, 45.35416188179427, 58.034472514187634, 91.93475947648963, 37.656340767525464, 59.033888572581766, 60.29925372672534, 26.92582403567252, 34.48187929913333], [15.231546211727817, 45.35416188179427, 0.0, 16.64331697709324, 57.38466694161429, 45.221676218380054, 19.849433241279208, 16.76305461424021, 18.439088914585774, 49.09175083453431], [9.433981132056603, 58.034472514187634, 16.64331697709324, 0.0, 62.51399843235114, 61.85466837676846, 4.123105625617661, 4.47213595499958, 32.38826948140329, 52.009614495783374], [68.8839603971781, 91.93475947648963, 57.38466694161429, 62.51399843235114, 0.0, 64.88451279003334, 66.37017402418047, 58.309518948453004, 69.63476143421474, 106.00471687618433], [58.728187440104094, 37.656340767525464, 45.221676218380054, 61.85466837676846, 64.88451279003334, 0.0, 65.0, 61.40032573203501, 35.510561809129406, 67.7421582177598], [9.055385138137417, 59.033888572581766, 19.849433241279208, 4.123105625617661, 66.37017402418047, 65.0, 0.0, 8.06225774829855, 34.20526275297414, 50.47771785649585], [13.45362404707371, 60.29925372672534, 16.76305461424021, 4.47213595499958, 58.309518948453004, 61.40032573203501, 8.06225774829855, 0.0, 34.0147027033899, 56.08029957123981], [26.0, 26.92582403567252, 18.439088914585774, 32.38826948140329, 69.63476143421474, 35.510561809129406, 34.20526275297414, 34.0147027033899, 0.0, 38.07886552931954], [42.638011210655684, 34.48187929913333, 49.09175083453431, 52.009614495783374, 106.00471687618433, 67.7421582177598, 50.47771785649585, 56.08029957123981, 38.07886552931954, 0.0]], "task_locations": [[68, 42], [65, 92], [54, 48], [63, 34], [1, 26], [28, 85], [67, 33], [59, 32], [58, 66], [95, 75]], "precedence_constraints": [[4, 2], [5, 7]]}