{"Q": [[0, 0, 1], [1, 1, 1], [0, 1, 0]], "R": [[0.0, 0.0, 0.0], [0.0, 1.0, 0.0], [0.0, 1.0, 0.0], [1.0, 1.0, 1.0], [0.0, 1.0, 0.0], [1.0, 0.0, 1.0], [1.0, 0.0, 1.0], [1.0, 1.0, 1.0], [1.0, 0.0, 1.0], [0.0, 0.0, 0.0]], "T_e": [0, 74, 93, 61, 92, 52, 93, 61, 68, 0], "T_t": [[0.0, 63.788713735268246, 52.40229002629561, 59.77457653551382, 63.12685640834652, 68.41052550594829, 71.56814934033156, 41.10960958218893, 71.58910531638176, 28.231188426986208], [63.788713735268246, 0.0, 30.479501308256342, 5.830951894845301, 81.60882305241266, 28.160255680657446, 25.632011235952593, 54.56189146281496, 55.569775957799216, 44.40720662234904], [52.40229002629561, 30.479501308256342, 0.0, 24.758836806279895, 51.31276644267, 16.55294535724685, 54.405882034941776, 26.30589287593181, 28.442925306655784, 47.80167361086848], [59.77457653551382, 5.830951894845301, 24.758836806279895, 0.0, 75.8023746329889, 24.186773244895647, 30.4138126514911, 48.75448697299562, 50.53711507397311, 42.44997055358225], [63.12685640834652, 81.60882305241266, 51.31276644267, 75.8023746329889, 0.0, 61.68468205316454, 103.96634070698074, 29.410882339705484, 38.0, 79.84985911070852], [68.41052550594829, 28.160255680657446, 16.55294535724685, 24.186773244895647, 61.68468205316454, 0.0, 53.75872022286245, 41.10960958218893, 29.0, 59.941638282582836], [71.56814934033156, 25.632011235952593, 54.405882034941776, 30.4138126514911, 103.96634070698074, 53.75872022286245, 0.0, 75.28612089887484, 80.95060222135473, 45.044422518220834], [41.10960958218893, 54.56189146281496, 26.30589287593181, 48.75448697299562, 29.410882339705484, 41.10960958218893, 75.28612089887484, 0.0, 31.89043743820395, 51.66236541235796], [71.58910531638176, 55.569775957799216, 28.442925306655784, 50.53711507397311, 38.0, 29.0, 80.95060222135473, 31.89043743820395, 0.0, 74.43117626371358], [28.231188426986208, 44.40720662234904, 47.80167361086848, 42.44997055358225, 79.84985911070852, 59.941638282582836, 45.044422518220834, 51.66236541235796, 74.43117626371358, 0.0]], "task_locations": [[89, 75], [27, 60], [50, 40], [32, 57], [93, 12], [35, 33], [18, 84], [76, 36], [55, 12], [63, 86]], "precedence_constraints": [[6, 7], [5, 2], [6, 1]]}