{"Q": [[1, 1, 1], [0, 0, 1], [1, 0, 0]], "R": [[0.0, 0.0, 0.0], [0.0, 0.0, 1.0], [1.0, 1.0, 1.0], [0.0, 1.0, 0.0], [0.0, 0.0, 1.0], [1.0, 0.0, 0.0], [0.0, 0.0, 1.0], [0.0, 1.0, 0.0], [0.0, 1.0, 0.0], [0.0, 0.0, 0.0]], "T_e": [0, 78, 96, 83, 73, 87, 69, 68, 81, 0], "T_t": [[0.0, 43.657759905886145, 79.40403012442127, 54.037024344425184, 66.21933252457322, 24.20743687382041, 29.614185789921695, 39.81205847478876, 62.48199740725323, 43.41658669218482], [43.657759905886145, 0.0, 72.00694410957877, 58.05170109479997, 54.56189146281496, 22.0, 15.0, 5.385164807134504, 25.96150997149434, 30.479501308256342], [79.40403012442127, 72.00694410957877, 0.0, 26.92582403567252, 17.4928556845359, 64.93843238021688, 75.96051605933177, 68.0294054067798, 55.86591089385369, 43.01162633521314], [54.037024344425184, 58.05170109479997, 26.92582403567252, 0.0, 21.470910553583888, 44.294469180700204, 57.14017850864661, 53.03772242470448, 51.92301994298868, 28.0178514522438], [66.21933252457322, 54.56189146281496, 17.4928556845359, 21.470910553583888, 0.0, 49.040799340956916, 59.22837157984339, 50.695167422546305, 39.20459156782532, 26.30589287593181], [24.20743687382041, 22.0, 64.93843238021688, 44.294469180700204, 49.040799340956916, 0.0, 13.45362404707371, 17.11724276862369, 38.28837943815329, 23.08679276123039], [29.614185789921695, 15.0, 75.96051605933177, 57.14017850864661, 59.22837157984339, 13.45362404707371, 0.0, 13.038404810405298, 38.948684188300895, 32.984845004941285], [39.81205847478876, 5.385164807134504, 68.0294054067798, 53.03772242470448, 50.695167422546305, 17.11724276862369, 13.038404810405298, 0.0, 25.942243542145693, 25.80697580112788], [62.48199740725323, 25.96150997149434, 55.86591089385369, 51.92301994298868, 39.20459156782532, 38.28837943815329, 38.948684188300895, 25.942243542145693, 0.0, 27.073972741361768], [43.41658669218482, 30.479501308256342, 43.01162633521314, 28.0178514522438, 26.30589287593181, 23.08679276123039, 32.984845004941285, 25.80697580112788, 27.073972741361768, 0.0]], "task_locations": [[11, 58], [26, 17], [90, 50], [65, 60], [75, 41], [26, 39], [17, 29], [28, 22], [51, 10], [49, 37]], "precedence_constraints": [[3, 7], [4, 3], [6, 3], [2, 7]]}