{"Q": [[0, 0, 1], [1, 0, 0], [0, 1, 0]], "R": [[0.0, 0.0, 0.0], [1.0, 1.0, 1.0], [1.0, 1.0, 1.0], [0.0, 0.0, 1.0], [1.0, 0.0, 0.0], [0.0, 1.0, 1.0], [1.0, 1.0, 0.0], [1.0, 0.0, 1.0], [0.0, 1.0, 0.0], [0.0, 0.0, 0.0]], "T_e": [0, 61, 68, 81, 68, 79, 82, 92, 70, 0], "T_t": [[0.0, 17.029386365926403, 76.00657866263946, 66.57326790837296, 75.92759709091287, 30.675723300355934, 22.090722034374522, 54.405882034941776, 42.720018726587654, 31.064449134018133], [17.029386365926403, 0.0, 59.033888572581766, 53.75872022286245, 59.20304046246274, 30.805843601498726, 25.80697580112788, 62.433965115151864, 29.068883707497267, 20.12461179749811], [76.00657866263946, 59.033888572581766, 0.0, 40.311288741492746, 18.110770276274835, 71.69379331573968, 77.4919350642375, 105.19030373565806, 46.647615158762406, 52.49761899362675], [66.57326790837296, 53.75872022286245, 40.311288741492746, 0.0, 55.97320787662612, 46.52956049652737, 79.2464510246358, 73.7563556583431, 62.297672508690084, 35.510561809129406], [75.92759709091287, 59.20304046246274, 18.110770276274835, 55.97320787662612, 0.0, 78.81624198095213, 72.17340230306452, 113.4063490286148, 38.47076812334269, 58.82176467941097], [30.675723300355934, 30.805843601498726, 71.69379331573968, 46.52956049652737, 78.81624198095213, 0.0, 51.62363799656123, 34.713109915419565, 58.137767414994535, 20.0], [22.090722034374522, 25.80697580112788, 77.4919350642375, 79.2464510246358, 72.17340230306452, 51.62363799656123, 0.0, 76.15773105863909, 34.0147027033899, 45.79301256742124], [54.405882034941776, 62.433965115151864, 105.19030373565806, 73.7563556583431, 113.4063490286148, 34.713109915419565, 76.15773105863909, 0.0, 91.2633551870629, 54.67174773134658], [42.720018726587654, 29.068883707497267, 46.647615158762406, 62.297672508690084, 38.47076812334269, 58.137767414994535, 34.0147027033899, 91.2633551870629, 0.0, 41.23105625617661], [31.064449134018133, 20.12461179749811, 52.49761899362675, 35.510561809129406, 58.82176467941097, 20.0, 45.79301256742124, 54.67174773134658, 41.23105625617661, 0.0]], "task_locations": [[22, 65], [39, 66], [98, 64], [78, 29], [96, 82], [32, 36], [24, 87], [6, 13], [58, 88], [48, 48]], "precedence_constraints": [[7, 2], [3, 8], [2, 5]]}