{"Q": [[0, 1, 1], [1, 0, 0], [0, 0, 1]], "R": [[0.0, 0.0, 0.0], [0.0, 0.0, 1.0], [0.0, 1.0, 0.0], [1.0, 0.0, 1.0], [0.0, 0.0, 1.0], [0.0, 1.0, 1.0], [0.0, 0.0, 1.0], [0.0, 1.0, 0.0], [0.0, 0.0, 1.0], [0.0, 0.0, 0.0]], "T_e": [0, 67, 81, 56, 62, 82, 62, 58, 79, 0], "T_t": [[0.0, 91.0494371207203, 79.90619500389191, 104.30723848324239, 48.093658625644196, 97.49358953285082, 106.55045753069294, 37.33630940518894, 49.92995093127971, 104.84750831564858], [91.0494371207203, 0.0, 62.96824596572466, 53.08483775994799, 98.8382517044894, 14.866068747318506, 49.040799340956916, 54.037024344425184, 74.94664769020693, 91.54780172128658], [79.90619500389191, 62.96824596572466, 0.0, 31.0, 54.589376255824725, 55.154328932550705, 36.22154055254967, 54.78138369920935, 33.1058907144937, 32.0], [104.30723848324239, 53.08483775994799, 31.0, 0.0, 85.37564055396598, 39.81205847478876, 6.4031242374328485, 72.12489168102785, 62.5859409132754, 44.553338819890925], [48.093658625644196, 98.8382517044894, 54.589376255824725, 85.37564055396598, 0.0, 98.03060746521976, 90.08884503644167, 54.817880294662984, 24.73863375370596, 67.20119046564577], [97.49358953285082, 14.866068747318506, 55.154328932550705, 39.81205847478876, 98.03060746521976, 0.0, 35.12833614050059, 60.207972893961475, 73.38937252763509, 81.00617260431454], [106.55045753069294, 49.040799340956916, 36.22154055254967, 6.4031242374328485, 90.08884503644167, 35.12833614050059, 0.0, 73.10950690573696, 66.75327707311455, 50.91168824543142], [37.33630940518894, 54.037024344425184, 54.78138369920935, 72.12489168102785, 54.817880294662984, 60.207972893961475, 73.10950690573696, 0.0, 38.3275357934736, 85.37564055396598], [49.92995093127971, 74.94664769020693, 33.1058907144937, 62.5859409132754, 24.73863375370596, 73.38937252763509, 66.75327707311455, 38.3275357934736, 0.0, 54.91812087098393], [104.84750831564858, 91.54780172128658, 32.0, 44.553338819890925, 67.20119046564577, 81.00617260431454, 50.91168824543142, 85.37564055396598, 54.91812087098393, 0.0]], "task_locations": [[97, 97], [6, 94], [40, 41], [9, 41], [94, 49], [1, 80], [4, 45], [60, 92], [70, 55], [40, 9]], "precedence_constraints": [[7, 6], [8, 5], [1, 2], [7, 4], [8, 2], [5, 4]]}