{"Q": [[0, 1, 0], [0, 0, 1], [1, 0, 0]], "R": [[0.0, 0.0, 0.0], [1.0, 1.0, 1.0], [1.0, 0.0, 0.0], [1.0, 1.0, 0.0], [0.0, 1.0, 0.0], [1.0, 1.0, 1.0], [1.0, 1.0, 0.0], [1.0, 0.0, 1.0], [1.0, 1.0, 0.0], [0.0, 0.0, 0.0]], "T_e": [0, 88, 78, 89, 78, 67, 59, 65, 62, 0], "T_t": [[0.0, 19.235384061671343, 59.033888572581766, 30.463092423455635, 73.10950690573696, 31.064449134018133, 6.0, 71.11258679024411, 42.44997055358225, 7.280109889280518], [19.235384061671343, 0.0, 41.048751503547585, 43.840620433565945, 65.30696746902278, 13.0, 13.341664064126334, 52.009614495783374, 26.076809620810597, 26.476404589747453], [59.033888572581766, 41.048751503547585, 0.0, 84.50443775329198, 82.21921916437786, 35.608987629529715, 53.71219600798314, 28.42534080710379, 38.897300677553446, 66.2117814289874], [30.463092423455635, 43.840620433565945, 84.50443775329198, 0.0, 65.30696746902278, 50.24937810560445, 33.28663395418648, 88.95504482602435, 55.65968020030299, 26.476404589747453], [73.10950690573696, 65.30696746902278, 82.21921916437786, 65.30696746902278, 0.0, 56.32051136131489, 69.40461079784254, 64.62197768561404, 45.39823785126467, 76.36753236814714], [31.064449134018133, 13.0, 35.608987629529715, 50.24937810560445, 56.32051136131489, 0.0, 25.079872407968907, 40.44749683231337, 13.45362404707371, 38.0], [6.0, 13.341664064126334, 53.71219600798314, 33.28663395418648, 69.40461079784254, 25.079872407968907, 0.0, 65.12296062065974, 36.68787265568828, 13.152946437965905], [71.11258679024411, 52.009614495783374, 28.42534080710379, 88.95504482602435, 64.62197768561404, 40.44749683231337, 65.12296062065974, 0.0, 33.54101966249684, 78.23042886243178], [42.44997055358225, 26.076809620810597, 38.897300677553446, 55.65968020030299, 45.39823785126467, 13.45362404707371, 36.68787265568828, 33.54101966249684, 0.0, 48.83646178829912], [7.280109889280518, 26.476404589747453, 66.2117814289874, 26.476404589747453, 76.36753236814714, 38.0, 13.152946437965905, 78.23042886243178, 48.83646178829912, 0.0]], "task_locations": [[25, 70], [44, 73], [78, 96], [13, 42], [72, 14], [56, 68], [31, 70], [96, 74], [66, 59], [18, 68]], "precedence_constraints": [[3, 1], [3, 7]]}