{"Q": [[0, 0, 1], [1, 1, 1], [0, 0, 1]], "R": [[0.0, 0.0, 0.0], [1.0, 1.0, 0.0], [1.0, 1.0, 1.0], [0.0, 0.0, 1.0], [1.0, 0.0, 1.0], [1.0, 0.0, 0.0], [0.0, 1.0, 1.0], [0.0, 0.0, 1.0], [1.0, 1.0, 0.0], [0.0, 0.0, 0.0]], "T_e": [0, 91, 75, 95, 75, 51, 68, 67, 87, 0], "T_t": [[0.0, 51.0, 60.959002616512684, 97.18538984847466, 76.57675887630658, 121.82774724995944, 124.32618388738553, 96.51942809610924, 79.1012010022604, 104.65180361560904], [51.0, 0.0, 22.561028345356956, 89.05054744357274, 29.068883707497267, 76.05918747922567, 79.62411694957753, 56.71860364994893, 73.66138744281159, 57.8013840664737], [60.959002616512684, 22.561028345356956, 0.0, 68.6804193347711, 18.439088914585774, 60.876925020897694, 63.41135544995076, 36.76955262170047, 55.0, 44.04543109109048], [97.18538984847466, 89.05054744357274, 68.6804193347711, 0.0, 79.40403012442127, 87.20665112249179, 85.00588214941364, 62.36184731067546, 18.110770276274835, 83.24061508662703], [76.57675887630658, 29.068883707497267, 18.439088914585774, 79.40403012442127, 0.0, 47.01063709417264, 50.566787519082126, 30.265491900843113, 68.4470598345904, 28.844410203711913], [121.82774724995944, 76.05918747922567, 60.876925020897694, 87.20665112249179, 47.01063709417264, 0.0, 5.385164807134504, 29.154759474226502, 85.84287972802403, 18.384776310850235], [124.32618388738553, 79.62411694957753, 63.41135544995076, 85.00588214941364, 50.566787519082126, 5.385164807134504, 0.0, 29.68164415931166, 84.72307831990054, 22.561028345356956], [96.51942809610924, 56.71860364994893, 36.76955262170047, 62.36184731067546, 30.265491900843113, 29.154759474226502, 29.68164415931166, 0.0, 58.008620049092706, 20.8806130178211], [79.1012010022604, 73.66138744281159, 55.0, 18.110770276274835, 68.4470598345904, 85.84287972802403, 84.72307831990054, 58.008620049092706, 0.0, 78.16009211867653], [104.65180361560904, 57.8013840664737, 44.04543109109048, 83.24061508662703, 28.844410203711913, 18.384776310850235, 22.561028345356956, 20.8806130178211, 78.16009211867653, 0.0]], "task_locations": [[11, 1], [56, 25], [51, 47], [5, 98], [69, 51], [92, 92], [90, 97], [65, 81], [7, 80], [85, 75]], "precedence_constraints": [[2, 6], [4, 1], [1, 6]]}