{"Q": [[1, 1, 0], [0, 1, 0], [0, 0, 1]], "R": [[0.0, 0.0, 0.0], [1.0, 0.0, 0.0], [0.0, 0.0, 1.0], [1.0, 0.0, 0.0], [0.0, 0.0, 1.0], [0.0, 0.0, 1.0], [0.0, 0.0, 1.0], [1.0, 1.0, 0.0], [0.0, 1.0, 0.0], [0.0, 0.0, 0.0]], "T_e": [0, 63, 53, 92, 84, 62, 67, 52, 91, 0], "T_t": [[0.0, 73.78346698278686, 79.20227269466452, 36.89173349139343, 54.3415126767741, 35.014282800023196, 37.16180835212409, 61.91122676865643, 24.596747752497688, 18.681541692269406], [73.78346698278686, 0.0, 12.206555615733702, 82.49242389456137, 118.84864324004712, 61.204574992397426, 87.66413177577246, 72.56031973468694, 75.18643494673756, 87.32124598286491], [79.20227269466452, 12.206555615733702, 0.0, 92.02173656261873, 120.21647141718975, 71.02816342831905, 87.96590248499699, 67.72001181334805, 83.72574275573791, 94.25497334358543], [36.89173349139343, 82.49242389456137, 92.02173656261873, 0.0, 84.38009243891595, 21.37755832643195, 73.824115301167, 96.42613753542138, 12.727922061357855, 26.076809620810597], [54.3415126767741, 118.84864324004712, 120.21647141718975, 84.38009243891595, 0.0, 88.95504482602435, 33.015148038438355, 68.30812543175226, 75.0066663703967, 58.309518948453004], [35.014282800023196, 61.204574992397426, 71.02816342831905, 21.37755832643195, 88.95504482602435, 0.0, 70.40596565632774, 84.81155581640984, 17.69180601295413, 35.510561809129406], [37.16180835212409, 87.66413177577246, 87.96590248499699, 73.824115301167, 33.015148038438355, 70.40596565632774, 0.0, 38.05259518088089, 61.741396161732524, 51.088159097779204], [61.91122676865643, 72.56031973468694, 67.72001181334805, 96.42613753542138, 68.30812543175226, 84.81155581640984, 38.05259518088089, 0.0, 83.73768566183328, 80.06247560499239], [24.596747752497688, 75.18643494673756, 83.72574275573791, 12.727922061357855, 75.0066663703967, 17.69180601295413, 61.741396161732524, 83.73768566183328, 0.0, 18.384776310850235], [18.681541692269406, 87.32124598286491, 94.25497334358543, 26.076809620810597, 58.309518948453004, 35.510561809129406, 51.088159097779204, 80.06247560499239, 18.384776310850235, 0.0]], "task_locations": [[73, 55], [11, 95], [1, 88], [93, 86], [85, 2], [72, 90], [58, 21], [20, 23], [84, 77], [91, 60]], "precedence_constraints": [[3, 2], [3, 1], [5, 7], [6, 1], [6, 4], [5, 8]]}