{"Q": [[0, 1, 0], [0, 1, 1], [1, 0, 0]], "R": [[0.0, 0.0, 0.0], [1.0, 1.0, 1.0], [0.0, 1.0, 1.0], [1.0, 0.0, 0.0], [0.0, 1.0, 0.0], [0.0, 1.0, 0.0], [0.0, 0.0, 1.0], [0.0, 1.0, 0.0], [1.0, 0.0, 1.0], [0.0, 0.0, 0.0]], "T_e": [0, 86, 78, 51, 91, 65, 89, 69, 78, 0], "T_t": [[0.0, 46.861498055439924, 50.695167422546305, 65.80273550544841, 65.45991139621256, 45.70557952810576, 52.08646657242167, 58.25804665451803, 83.6301381082203, 72.83543093852057], [46.861498055439924, 0.0, 44.9221548904324, 29.154759474226502, 27.51363298439521, 23.769728648009426, 31.38470965295043, 11.40175425099138, 38.07886552931954, 26.627053911388696], [50.695167422546305, 44.9221548904324, 0.0, 34.92849839314596, 36.40054944640259, 21.37755832643195, 16.278820596099706, 50.15974481593781, 76.23647421018367, 65.03076195155643], [65.80273550544841, 29.154759474226502, 34.92849839314596, 0.0, 2.23606797749979, 21.095023109728988, 19.4164878389476, 25.45584412271571, 44.721359549995796, 35.11409973215888], [65.45991139621256, 27.51363298439521, 36.40054944640259, 2.23606797749979, 0.0, 21.400934559032695, 20.591260281974, 23.345235059857504, 42.579337712087536, 32.89376840679705], [45.70557952810576, 23.769728648009426, 21.37755832643195, 21.095023109728988, 21.400934559032695, 0.0, 8.602325267042627, 29.0, 55.90169943749474, 44.40720662234904], [52.08646657242167, 31.38470965295043, 16.278820596099706, 19.4164878389476, 20.591260281974, 8.602325267042627, 0.0, 34.713109915419565, 60.07495318350236, 49.01020301937138], [58.25804665451803, 11.40175425099138, 50.15974481593781, 25.45584412271571, 23.345235059857504, 29.0, 34.713109915419565, 0.0, 27.85677655436824, 16.15549442140351], [83.6301381082203, 38.07886552931954, 76.23647421018367, 44.721359549995796, 42.579337712087536, 55.90169943749474, 60.07495318350236, 27.85677655436824, 0.0, 11.704699910719626], [72.83543093852057, 26.627053911388696, 65.03076195155643, 35.11409973215888, 32.89376840679705, 44.40720662234904, 49.01020301937138, 16.15549442140351, 11.704699910719626, 0.0]], "task_locations": [[84, 66], [48, 36], [35, 79], [21, 47], [22, 45], [39, 58], [32, 63], [39, 29], [29, 3], [33, 14]], "precedence_constraints": [[3, 5], [8, 5], [7, 8]]}