{"Q": [[0, 0, 1], [0, 0, 1], [1, 1, 1]], "R": [[0.0, 0.0, 0.0], [0.0, 1.0, 0.0], [0.0, 1.0, 0.0], [1.0, 0.0, 0.0], [0.0, 0.0, 1.0], [0.0, 1.0, 1.0], [1.0, 0.0, 0.0], [1.0, 1.0, 0.0], [0.0, 0.0, 1.0], [0.0, 0.0, 0.0]], "T_e": [0, 84, 72, 96, 84, 80, 84, 76, 54, 0], "T_t": [[0.0, 57.38466694161429, 57.706152185014034, 24.166091947189145, 68.18357573492314, 59.135437767890075, 42.720018726587654, 28.284271247461902, 65.05382386916237, 41.78516483155236], [57.38466694161429, 0.0, 13.601470508735444, 33.24154027718932, 66.48308055437865, 26.68332812825267, 93.26306878931231, 57.3149195236284, 25.0, 92.26592003551474], [57.706152185014034, 13.601470508735444, 0.0, 35.014282800023196, 78.64477096412705, 13.152946437965905, 97.18538984847466, 63.89053137985315, 38.600518131237564, 96.18731725128839], [24.166091947189145, 33.24154027718932, 35.014282800023196, 0.0, 60.440052945046304, 39.56008088970496, 62.20128616033595, 31.622776601683793, 43.266615305567875, 61.204574992397426], [68.18357573492314, 66.48308055437865, 78.64477096412705, 60.440052945046304, 0.0, 90.0, 69.52697318307479, 41.0, 46.52956049652737, 68.8839603971781], [59.135437767890075, 26.68332812825267, 13.152946437965905, 39.56008088970496, 90.0, 0.0, 100.80674580602232, 70.66116330771806, 51.66236541235796, 99.82484660644363], [42.720018726587654, 93.26306878931231, 97.18538984847466, 62.20128616033595, 69.52697318307479, 100.80674580602232, 0.0, 38.27531841800928, 91.4166286842826, 1.0], [28.284271247461902, 57.3149195236284, 63.89053137985315, 31.622776601683793, 41.0, 70.66116330771806, 38.27531841800928, 0.0, 53.14132102234569, 37.33630940518894], [65.05382386916237, 25.0, 38.600518131237564, 43.266615305567875, 46.52956049652737, 51.66236541235796, 91.4166286842826, 53.14132102234569, 0.0, 90.47651629014017], [41.78516483155236, 92.26592003551474, 96.18731725128839, 61.204574992397426, 68.8839603971781, 99.82484660644363, 1.0, 37.33630940518894, 90.47651629014017, 0.0]], "task_locations": [[5, 40], [27, 93], [14, 97], [15, 62], [73, 45], [1, 99], [20, 0], [33, 36], [51, 86], [20, 1]], "precedence_constraints": [[7, 6], [7, 1], [3, 5], [1, 2], [2, 8], [3, 1]]}