{"Q": [[1, 1, 1], [0, 1, 0], [0, 1, 0]], "R": [[0.0, 0.0, 0.0], [1.0, 1.0, 1.0], [1.0, 1.0, 1.0], [1.0, 1.0, 0.0], [0.0, 1.0, 0.0], [1.0, 1.0, 1.0], [0.0, 1.0, 0.0], [1.0, 1.0, 1.0], [1.0, 1.0, 0.0], [0.0, 0.0, 0.0]], "T_e": [0, 95, 91, 67, 80, 92, 69, 78, 61, 0], "T_t": [[0.0, 5.0, 90.9065454189081, 92.13576938409967, 22.20360331117452, 36.40054944640259, 101.25709851659784, 69.2314957226839, 119.6703806294607, 61.1310068623117], [5.0, 0.0, 85.9127464349732, 89.45389874119518, 19.026297590440446, 31.622776601683793, 96.51942809610924, 64.77653896280658, 114.76933388322858, 58.0], [90.9065454189081, 85.9127464349732, 0.0, 82.34682750416071, 76.05918747922567, 56.08029957123981, 27.730849247724095, 45.044422518220834, 32.57299494980466, 66.06814663663572], [92.13576938409967, 89.45389874119518, 82.34682750416071, 0.0, 70.45565981523414, 68.54195795277518, 63.63961030678928, 107.56393447619885, 85.05292469985967, 32.28002478313795], [22.20360331117452, 19.026297590440446, 76.05918747922567, 70.45565981523414, 0.0, 20.248456731316587, 82.13403679352427, 65.62011886609167, 102.06860437960343, 39.01281840626232], [36.40054944640259, 31.622776601683793, 56.08029957123981, 68.54195795277518, 20.248456731316587, 0.0, 64.89992295835181, 48.703182647543684, 83.45058418010026, 36.71511950137164], [101.25709851659784, 96.51942809610924, 27.730849247724095, 63.63961030678928, 82.13403679352427, 64.89992295835181, 0.0, 70.71067811865476, 22.80350850198276, 58.309518948453004], [69.2314957226839, 64.77653896280658, 45.044422518220834, 107.56393447619885, 65.62011886609167, 48.703182647543684, 70.71067811865476, 0.0, 76.94153624668537, 80.0], [119.6703806294607, 114.76933388322858, 32.57299494980466, 85.05292469985967, 102.06860437960343, 83.45058418010026, 22.80350850198276, 76.94153624668537, 0.0, 80.99382692526635], [61.1310068623117, 58.0, 66.06814663663572, 32.28002478313795, 39.01281840626232, 36.71511950137164, 58.309518948453004, 80.0, 80.99382692526635, 0.0]], "task_locations": [[91, 97], [87, 94], [21, 39], [96, 5], [88, 75], [69, 68], [33, 14], [23, 84], [11, 8], [87, 36]], "precedence_constraints": [[4, 1]]}