{"Q": [[0, 1, 0], [0, 1, 0], [1, 0, 1]], "R": [[0.0, 0.0, 0.0], [1.0, 1.0, 0.0], [0.0, 1.0, 0.0], [0.0, 1.0, 0.0], [0.0, 0.0, 1.0], [1.0, 1.0, 0.0], [0.0, 0.0, 1.0], [0.0, 1.0, 1.0], [0.0, 0.0, 1.0], [0.0, 0.0, 0.0]], "T_e": [0, 61, 56, 84, 86, 68, 80, 52, 84, 0], "T_t": [[0.0, 100.57832768544127, 62.26556030423239, 45.31004303683677, 36.345563690772494, 19.4164878389476, 70.09279563550022, 91.7877987534291, 72.53275122315436, 18.867962264113206], [100.57832768544127, 0.0, 74.06078584514209, 79.90619500389191, 65.0, 86.14522621712709, 54.70831746635972, 42.2965719651132, 55.47071299343465, 82.46211251235322], [62.26556030423239, 74.06078584514209, 0.0, 81.8413098624405, 40.24922359499622, 63.702433234531945, 19.79898987322333, 41.593268686170845, 20.0, 55.90169943749474], [45.31004303683677, 79.90619500389191, 81.8413098624405, 0.0, 41.593268686170845, 26.68332812825267, 77.98717843338096, 91.60785992479029, 80.8084154033477, 32.01562118716424], [36.345563690772494, 65.0, 40.24922359499622, 41.593268686170845, 0.0, 27.313000567495326, 38.8329756778952, 57.56735185849702, 41.617304093369626, 20.615528128088304], [19.4164878389476, 86.14522621712709, 63.702433234531945, 26.68332812825267, 27.313000567495326, 0.0, 65.86349520030045, 84.75848040166836, 68.60029154456998, 7.810249675906654], [70.09279563550022, 54.70831746635972, 19.79898987322333, 77.98717843338096, 38.8329756778952, 65.86349520030045, 0.0, 23.53720459187964, 2.8284271247461903, 58.59180830116101], [91.7877987534291, 42.2965719651132, 41.593268686170845, 91.60785992479029, 57.56735185849702, 84.75848040166836, 23.53720459187964, 0.0, 22.135943621178654, 78.16009211867653], [72.53275122315436, 55.47071299343465, 20.0, 80.8084154033477, 41.617304093369626, 68.60029154456998, 2.8284271247461903, 22.135943621178654, 0.0, 61.29437168288782], [18.867962264113206, 82.46211251235322, 55.90169943749474, 32.01562118716424, 20.615528128088304, 7.810249675906654, 58.59180830116101, 78.16009211867653, 61.29437168288782, 0.0]], "task_locations": [[42, 99], [12, 3], [73, 45], [0, 82], [37, 63], [26, 88], [59, 31], [54, 8], [61, 29], [32, 83]], "precedence_constraints": [[1, 7], [3, 4], [3, 5], [5, 7], [8, 3]]}