{"Q": [[1, 0, 0], [0, 1, 0], [1, 0, 1]], "R": [[0.0, 0.0, 0.0], [0.0, 0.0, 1.0], [1.0, 0.0, 0.0], [1.0, 0.0, 0.0], [1.0, 0.0, 0.0], [1.0, 0.0, 0.0], [0.0, 1.0, 0.0], [0.0, 1.0, 0.0], [1.0, 1.0, 1.0], [0.0, 0.0, 0.0]], "T_e": [0, 65, 82, 54, 91, 53, 58, 71, 61, 0], "T_t": [[0.0, 55.46169849544819, 60.14149981501958, 61.68468205316454, 62.24146527838174, 35.0, 41.86884283091664, 93.00537618869137, 61.84658438426491, 45.45327270945405], [55.46169849544819, 0.0, 18.027756377319946, 44.68780594300866, 41.400483088968905, 71.11258679024411, 82.05485969764375, 51.24451190127583, 81.02468759581859, 79.76214641043707], [60.14149981501958, 18.027756377319946, 0.0, 28.600699292150182, 24.839484696748443, 66.2872536767062, 77.27871634544663, 35.73513677041127, 69.85699678629192, 73.24616030891995], [61.68468205316454, 44.68780594300866, 28.600699292150182, 0.0, 4.123105625617661, 51.61395160225576, 61.40032573203501, 38.01315561749642, 45.0111097397076, 55.036351623268054], [62.24146527838174, 41.400483088968905, 24.839484696748443, 4.123105625617661, 0.0, 54.378304497290095, 64.41273166075166, 34.9857113690718, 49.0, 58.309518948453004], [35.0, 71.11258679024411, 66.2872536767062, 51.61395160225576, 54.378304497290095, 0.0, 11.045361017187261, 89.35882720806042, 29.154759474226502, 10.63014581273465], [41.86884283091664, 82.05485969764375, 77.27871634544663, 61.40032573203501, 64.41273166075166, 11.045361017187261, 0.0, 99.36297097007517, 31.04834939252005, 8.54400374531753], [93.00537618869137, 51.24451190127583, 35.73513677041127, 38.01315561749642, 34.9857113690718, 89.35882720806042, 99.36297097007517, 0.0, 81.02468759581859, 93.03762679690406], [61.84658438426491, 81.02468759581859, 69.85699678629192, 45.0111097397076, 49.0, 29.154759474226502, 31.04834939252005, 81.02468759581859, 0.0, 22.561028345356956], [45.45327270945405, 79.76214641043707, 73.24616030891995, 55.036351623268054, 58.309518948453004, 10.63014581273465, 8.54400374531753, 93.03762679690406, 22.561028345356956, 0.0]], "task_locations": [[3, 38], [27, 88], [44, 82], [61, 59], [60, 63], [31, 17], [30, 6], [78, 93], [60, 14], [38, 9]], "precedence_constraints": [[5, 1]]}