{"Q": [[0, 0, 1], [1, 1, 0], [1, 0, 1]], "R": [[0.0, 0.0, 0.0], [1.0, 0.0, 0.0], [1.0, 0.0, 1.0], [0.0, 1.0, 0.0], [1.0, 0.0, 0.0], [0.0, 1.0, 1.0], [1.0, 1.0, 1.0], [0.0, 0.0, 1.0], [1.0, 1.0, 0.0], [0.0, 0.0, 0.0]], "T_e": [0, 91, 51, 79, 52, 70, 97, 67, 51, 0], "T_t": [[0.0, 15.0, 11.180339887498949, 57.87054518492115, 9.486832980505138, 15.132745950421556, 1.0, 72.03471385380801, 4.0, 72.80109889280519], [15.0, 0.0, 7.0710678118654755, 64.28063471995279, 12.36931687685298, 11.661903789690601, 15.811388300841896, 63.56099432828282, 12.041594578792296, 64.8459713474939], [11.180339887498949, 7.0710678118654755, 0.0, 66.2872536767062, 13.601470508735444, 5.830951894845301, 11.661903789690601, 70.3846574190711, 10.04987562112089, 71.58910531638176], [57.87054518492115, 64.28063471995279, 66.2872536767062, 0.0, 52.773099207835045, 71.80529228406496, 58.18934610390462, 64.40496875241847, 56.753854494650845, 62.68173577685928], [9.486832980505138, 12.36931687685298, 13.601470508735444, 52.773099207835045, 0.0, 19.313207915827967, 10.44030650891055, 62.5859409132754, 5.830951894845301, 63.324560795950255], [15.132745950421556, 11.661903789690601, 5.830951894845301, 71.80529228406496, 19.313207915827967, 0.0, 15.297058540778355, 75.15317691222374, 15.132745950421556, 76.47875521999558], [1.0, 15.811388300841896, 11.661903789690601, 58.18934610390462, 10.44030650891055, 15.297058540778355, 0.0, 73.00684899377592, 5.0, 73.76313442364011], [72.03471385380801, 63.56099432828282, 70.3846574190711, 64.40496875241847, 62.5859409132754, 75.15317691222374, 73.00684899377592, 0.0, 68.15423684555495, 3.0], [4.0, 12.041594578792296, 10.04987562112089, 56.753854494650845, 5.830951894845301, 15.132745950421556, 5.0, 68.15423684555495, 0.0, 68.96375859826666], [72.80109889280519, 64.8459713474939, 71.58910531638176, 62.68173577685928, 63.324560795950255, 76.47875521999558, 73.76313442364011, 3.0, 68.96375859826666, 0.0]], "task_locations": [[31, 23], [22, 35], [21, 28], [86, 41], [34, 32], [16, 25], [31, 22], [48, 93], [31, 27], [51, 93]], "precedence_constraints": [[6, 5]]}