{"Q": [[0, 0, 1], [0, 1, 0], [1, 0, 1]], "R": [[0.0, 0.0, 0.0], [1.0, 0.0, 0.0], [0.0, 1.0, 1.0], [1.0, 1.0, 0.0], [1.0, 0.0, 1.0], [1.0, 1.0, 0.0], [1.0, 0.0, 1.0], [0.0, 1.0, 1.0], [0.0, 0.0, 1.0], [0.0, 0.0, 0.0]], "T_e": [0, 94, 60, 62, 53, 55, 81, 92, 74, 0], "T_t": [[0.0, 37.0, 57.38466694161429, 34.713109915419565, 47.4236228055175, 40.8166632639171, 68.00735254367721, 62.51399843235114, 60.41522986797286, 68.26419266350405], [37.0, 0.0, 27.202941017470888, 35.608987629529715, 11.313708498984761, 70.57619995437555, 76.38062581571324, 65.94694837519019, 76.00657866263946, 46.010868281309364], [57.38466694161429, 27.202941017470888, 0.0, 36.22154055254967, 18.0, 79.83107164506812, 68.54195795277518, 56.36488268416781, 73.54590403278758, 21.18962010041709], [34.713109915419565, 35.608987629529715, 36.22154055254967, 0.0, 38.62641583165593, 43.965895873961216, 41.10960958218893, 31.76476034853718, 40.70626487409524, 37.64306044943742], [47.4236228055175, 11.313708498984761, 18.0, 38.62641583165593, 0.0, 78.00640999302557, 77.42092740338364, 66.06814663663572, 79.20227269466452, 38.63935817272331], [40.8166632639171, 70.57619995437555, 79.83107164506812, 43.965895873961216, 78.00640999302557, 0.0, 46.486557196677836, 49.09175083453431, 32.55764119219941, 80.06247560499239], [68.00735254367721, 76.38062581571324, 68.54195795277518, 41.10960958218893, 77.42092740338364, 46.486557196677836, 0.0, 12.36931687685298, 15.0, 56.43580423808985], [62.51399843235114, 65.94694837519019, 56.36488268416781, 31.76476034853718, 66.06814663663572, 49.09175083453431, 12.36931687685298, 0.0, 22.847319317591726, 44.181444068749045], [60.41522986797286, 76.00657866263946, 73.54590403278758, 40.70626487409524, 79.20227269466452, 32.55764119219941, 15.0, 22.847319317591726, 0.0, 65.19202405202648], [68.26419266350405, 46.010868281309364, 21.18962010041709, 37.64306044943742, 38.63935817272331, 80.06247560499239, 56.43580423808985, 44.181444068749045, 65.19202405202648, 0.0]], "task_locations": [[50, 80], [85, 68], [93, 42], [57, 46], [93, 60], [15, 59], [30, 15], [42, 18], [21, 27], [86, 22]], "precedence_constraints": [[2, 5]]}