{"Q": [[0, 0, 1], [1, 1, 0], [0, 1, 1]], "R": [[0.0, 0.0, 0.0], [0.0, 0.0, 1.0], [0.0, 1.0, 0.0], [1.0, 0.0, 1.0], [1.0, 0.0, 0.0], [0.0, 1.0, 1.0], [1.0, 1.0, 1.0], [1.0, 0.0, 0.0], [1.0, 0.0, 0.0], [0.0, 0.0, 0.0]], "T_e": [0, 57, 62, 66, 66, 59, 52, 68, 94, 0], "T_t": [[0.0, 53.150729063673246, 23.08679276123039, 67.47592163134935, 88.86506625215557, 37.53664875824692, 52.839379254491625, 53.85164807134504, 52.43090691567332, 95.12623192369179], [53.150729063673246, 0.0, 65.39113089708727, 47.01063709417264, 62.0966987850401, 38.28837943815329, 56.824290580701486, 68.24221567329127, 52.32590180780452, 102.45974819410792], [23.08679276123039, 65.39113089708727, 0.0, 62.625873247404705, 83.2586331859946, 35.12833614050059, 40.80441152620633, 36.61966684720111, 42.5440947723653, 75.96051605933177], [67.47592163134935, 47.01063709417264, 62.625873247404705, 0.0, 21.400934559032695, 30.0, 26.1725046566048, 39.05124837953327, 22.0, 59.36328831862332], [88.86506625215557, 62.0966987850401, 83.2586331859946, 21.400934559032695, 0.0, 51.40038910358559, 44.14748010928823, 55.14526271584895, 41.10960958218893, 61.40032573203501], [37.53664875824692, 38.28837943815329, 35.12833614050059, 30.0, 51.40038910358559, 0.0, 21.095023109728988, 30.4138126514911, 18.110770276274835, 68.46897107449476], [52.839379254491625, 56.824290580701486, 40.80441152620633, 26.1725046566048, 44.14748010928823, 21.095023109728988, 0.0, 13.416407864998739, 5.0, 47.38143096192854], [53.85164807134504, 68.24221567329127, 36.61966684720111, 39.05124837953327, 55.14526271584895, 30.4138126514911, 13.416407864998739, 0.0, 18.35755975068582, 41.43669871020132], [52.43090691567332, 52.32590180780452, 42.5440947723653, 22.0, 41.10960958218893, 18.110770276274835, 5.0, 18.35755975068582, 0.0, 50.99019513592785], [95.12623192369179, 102.45974819410792, 75.96051605933177, 59.36328831862332, 61.40032573203501, 68.46897107449476, 47.38143096192854, 41.43669871020132, 50.99019513592785, 0.0]], "task_locations": [[78, 4], [25, 0], [85, 26], [26, 47], [9, 60], [50, 29], [52, 50], [64, 56], [48, 47], [58, 97]], "precedence_constraints": [[6, 2], [4, 2], [5, 2], [6, 8]]}