{"Q": [[0, 1, 1], [1, 0, 0], [1, 0, 1]], "R": [[0.0, 0.0, 0.0], [1.0, 1.0, 0.0], [1.0, 0.0, 1.0], [1.0, 1.0, 0.0], [1.0, 0.0, 1.0], [0.0, 0.0, 1.0], [0.0, 1.0, 0.0], [0.0, 0.0, 1.0], [1.0, 0.0, 1.0], [0.0, 0.0, 0.0]], "T_e": [0, 92, 58, 58, 56, 92, 74, 78, 65, 0], "T_t": [[0.0, 29.410882339705484, 81.05553651663777, 20.615528128088304, 103.9471019317037, 75.29276193632427, 62.39390995922599, 60.108235708594876, 81.43709228600933, 45.60701700396552], [29.410882339705484, 0.0, 53.33854141237835, 49.193495504995376, 94.02127418834527, 59.81638571495272, 79.1580697086532, 53.85164807134504, 83.21658488546619, 55.362442142665635], [81.05553651663777, 53.33854141237835, 0.0, 98.3107318658548, 76.32168761236873, 44.01136216933077, 109.40292500660117, 60.30754513325841, 90.21086409075129, 83.48652585896721], [20.615528128088304, 49.193495504995376, 98.3107318658548, 0.0, 108.16653826391968, 84.77027781009096, 49.8196748283246, 65.29931086925804, 78.87331614684399, 41.773197148410844], [103.9471019317037, 94.02127418834527, 76.32168761236873, 108.16653826391968, 0.0, 36.138621999185304, 81.74350127074322, 43.86342439892262, 40.01249804748511, 68.4470598345904], [75.29276193632427, 59.81638571495272, 44.01136216933077, 84.77027781009096, 36.138621999185304, 0.0, 75.8946638440411, 23.53720459187964, 47.50789408087881, 53.33854141237835], [62.39390995922599, 79.1580697086532, 109.40292500660117, 49.8196748283246, 81.74350127074322, 75.8946638440411, 0.0, 52.55473337388365, 42.720018726587654, 26.1725046566048], [60.108235708594876, 53.85164807134504, 60.30754513325841, 65.29931086925804, 43.86342439892262, 23.53720459187964, 52.55473337388365, 0.0, 32.01562118716424, 30.01666203960727], [81.43709228600933, 83.21658488546619, 90.21086409075129, 78.87331614684399, 40.01249804748511, 47.50789408087881, 42.720018726587654, 32.01562118716424, 0.0, 37.20215047547655], [45.60701700396552, 55.362442142665635, 83.48652585896721, 41.773197148410844, 68.4470598345904, 53.33854141237835, 26.1725046566048, 30.01666203960727, 37.20215047547655, 0.0]], "task_locations": [[18, 90], [46, 99], [99, 93], [2, 77], [92, 17], [83, 52], [11, 28], [60, 47], [52, 16], [30, 46]], "precedence_constraints": [[7, 6], [7, 8], [8, 2], [3, 1], [1, 6], [3, 7]]}