{"Q": [[1, 1, 0], [1, 1, 0], [0, 0, 1]], "R": [[0.0, 0.0, 0.0], [1.0, 0.0, 0.0], [1.0, 0.0, 0.0], [1.0, 1.0, 1.0], [1.0, 0.0, 1.0], [0.0, 1.0, 0.0], [1.0, 1.0, 1.0], [0.0, 1.0, 1.0], [1.0, 1.0, 1.0], [0.0, 0.0, 0.0]], "T_e": [0, 75, 68, 64, 96, 72, 65, 79, 87, 0], "T_t": [[0.0, 29.274562336608895, 53.85164807134504, 22.02271554554524, 26.248809496813376, 34.92849839314596, 44.553338819890925, 28.442925306655784, 42.42640687119285, 71.40028011149536], [29.274562336608895, 0.0, 54.74486277268398, 51.088159097779204, 15.811388300841896, 10.44030650891055, 52.80151512977634, 9.055385138137417, 34.0147027033899, 48.010415536631214], [53.85164807134504, 54.74486277268398, 0.0, 66.06814663663572, 67.0, 65.11528238439882, 14.317821063276353, 45.70557952810576, 22.360679774997898, 100.08995953640904], [22.02271554554524, 51.088159097779204, 66.06814663663572, 0.0, 44.94441010848846, 55.54277630799526, 53.53503525729669, 50.35871324805669, 60.53924347066124, 89.47066558375433], [26.248809496813376, 15.811388300841896, 67.0, 44.94441010848846, 0.0, 12.36931687685298, 62.369864518050704, 23.40939982143925, 48.05205510693585, 45.221676218380054], [34.92849839314596, 10.44030650891055, 65.11528238439882, 55.54277630799526, 12.36931687685298, 0.0, 63.15853069855251, 19.4164878389476, 44.04543109109048, 38.28837943815329], [44.553338819890925, 52.80151512977634, 14.317821063276353, 53.53503525729669, 62.369864518050704, 63.15853069855251, 0.0, 44.294469180700204, 26.92582403567252, 100.34440691936945], [28.442925306655784, 9.055385138137417, 45.70557952810576, 50.35871324805669, 23.40939982143925, 19.4164878389476, 44.294469180700204, 0.0, 25.079872407968907, 56.08029957123981], [42.42640687119285, 34.0147027033899, 22.360679774997898, 60.53924347066124, 48.05205510693585, 44.04543109109048, 26.92582403567252, 25.079872407968907, 0.0, 77.83315488916018], [71.40028011149536, 48.010415536631214, 100.08995953640904, 89.47066558375433, 45.221676218380054, 38.28837943815329, 100.34440691936945, 56.08029957123981, 77.83315488916018, 0.0]], "task_locations": [[47, 38], [43, 67], [97, 58], [46, 16], [30, 58], [33, 70], [91, 45], [52, 66], [77, 68], [4, 95]], "precedence_constraints": [[7, 3], [5, 4], [6, 2]]}