{"Q": [[1, 0, 0], [1, 0, 1], [1, 1, 1]], "R": [[0.0, 0.0, 0.0], [0.0, 1.0, 0.0], [0.0, 1.0, 0.0], [1.0, 1.0, 0.0], [1.0, 1.0, 0.0], [0.0, 0.0, 1.0], [0.0, 1.0, 1.0], [1.0, 1.0, 1.0], [0.0, 1.0, 0.0], [0.0, 0.0, 0.0]], "T_e": [0, 97, 63, 69, 86, 50, 84, 94, 71, 0], "T_t": [[0.0, 14.212670403551895, 51.15662224971465, 20.518284528683193, 34.713109915419565, 14.560219778561036, 61.98386886924694, 22.67156809750927, 76.02631123499285, 68.11754546370561], [14.212670403551895, 0.0, 42.579337712087536, 24.186773244895647, 47.75981574503821, 24.041630560342615, 75.39230729988306, 27.202941017470888, 68.24954212300622, 80.06247560499239], [51.15662224971465, 42.579337712087536, 0.0, 66.75327707311455, 69.33974329343886, 65.0, 94.17536832951598, 38.948684188300895, 25.709920264364882, 90.60353193998566], [20.518284528683193, 24.186773244895647, 66.75327707311455, 0.0, 48.662100242385755, 10.04987562112089, 73.10950690573696, 43.18564576337837, 92.39588735436226, 82.73451516749222], [34.713109915419565, 47.75981574503821, 69.33974329343886, 48.662100242385755, 0.0, 38.63935817272331, 27.730849247724095, 30.610455730027933, 88.95504482602435, 34.132096331752024], [14.560219778561036, 24.041630560342615, 65.0, 10.04987562112089, 38.63935817272331, 0.0, 63.198101237299845, 36.359317925395686, 90.19977827023745, 72.69112738154499], [61.98386886924694, 75.39230729988306, 94.17536832951598, 73.10950690573696, 27.730849247724095, 63.198101237299845, 0.0, 56.85068161420758, 110.78808600206071, 17.4928556845359], [22.67156809750927, 27.202941017470888, 38.948684188300895, 43.18564576337837, 30.610455730027933, 36.359317925395686, 56.85068161420758, 0.0, 60.41522986797286, 57.0087712549569], [76.02631123499285, 68.24954212300622, 25.709920264364882, 92.39588735436226, 88.95504482602435, 90.19977827023745, 110.78808600206071, 60.41522986797286, 0.0, 103.71113729971339], [68.11754546370561, 80.06247560499239, 90.60353193998566, 82.73451516749222, 34.132096331752024, 72.69112738154499, 17.4928556845359, 57.0087712549569, 103.71113729971339, 0.0]], "task_locations": [[77, 76], [68, 87], [26, 80], [92, 90], [84, 42], [91, 80], [96, 17], [60, 61], [1, 74], [81, 8]], "precedence_constraints": [[2, 8], [7, 4], [5, 8], [1, 4]]}