{"Q": [[0, 0, 1], [1, 1, 0], [0, 1, 1]], "R": [[0.0, 0.0, 0.0], [1.0, 1.0, 0.0], [1.0, 1.0, 0.0], [0.0, 0.0, 1.0], [0.0, 1.0, 1.0], [1.0, 0.0, 0.0], [1.0, 1.0, 0.0], [1.0, 0.0, 0.0], [0.0, 0.0, 1.0], [0.0, 0.0, 0.0]], "T_e": [0, 73, 80, 71, 77, 74, 80, 75, 50, 0], "T_t": [[0.0, 13.892443989449804, 30.463092423455635, 123.84264209067892, 71.58910531638176, 72.47068372797375, 79.37883848986453, 86.6083136886985, 99.32270636667126, 75.92759709091287], [13.892443989449804, 0.0, 21.0, 110.63453348751464, 63.071388124885914, 58.59180830116101, 69.42621983083913, 72.80109889280519, 85.44003745317531, 62.80127387243033], [30.463092423455635, 21.0, 0.0, 95.67131231461184, 42.1070065428546, 52.3450093132096, 49.040799340956916, 62.39390995922599, 76.21679604916491, 62.96824596572466], [123.84264209067892, 110.63453348751464, 95.67131231461184, 0.0, 72.12489168102785, 60.40695324215582, 60.166435825965294, 42.37924020083418, 38.0, 74.67261881037788], [71.58910531638176, 63.071388124885914, 42.1070065428546, 72.12489168102785, 0.0, 60.802960454241045, 12.083045973594572, 58.18934610390462, 71.06335201775947, 79.30952023559341], [72.47068372797375, 58.59180830116101, 52.3450093132096, 60.40695324215582, 60.802960454241045, 0.0, 55.90169943749474, 18.027756377319946, 27.586228448267445, 19.72308292331602], [79.37883848986453, 69.42621983083913, 49.040799340956916, 60.166435825965294, 12.083045973594572, 55.90169943749474, 0.0, 50.11985634456667, 62.03224967708329, 75.28612089887484], [86.6083136886985, 72.80109889280519, 62.39390995922599, 42.37924020083418, 58.18934610390462, 18.027756377319946, 50.11985634456667, 0.0, 14.142135623730951, 34.23448553724738], [99.32270636667126, 85.44003745317531, 76.21679604916491, 38.0, 71.06335201775947, 27.586228448267445, 62.03224967708329, 14.142135623730951, 0.0, 37.36308338453881], [75.92759709091287, 62.80127387243033, 62.96824596572466, 74.67261881037788, 79.30952023559341, 19.72308292331602, 75.28612089887484, 34.23448553724738, 37.36308338453881, 0.0]], "task_locations": [[1, 90], [8, 78], [29, 78], [92, 6], [71, 75], [35, 26], [76, 64], [52, 20], [54, 6], [18, 16]], "precedence_constraints": [[3, 6], [4, 5], [4, 1], [5, 1], [5, 6]]}