{"Q": [[0, 1, 0], [1, 0, 1], [1, 0, 0]], "R": [[0.0, 0.0, 0.0], [0.0, 1.0, 1.0], [1.0, 1.0, 1.0], [1.0, 0.0, 0.0], [1.0, 0.0, 1.0], [1.0, 0.0, 0.0], [1.0, 1.0, 0.0], [0.0, 1.0, 0.0], [1.0, 0.0, 1.0], [0.0, 0.0, 0.0]], "T_e": [0, 72, 92, 51, 68, 59, 67, 71, 65, 0], "T_t": [[0.0, 45.65084884205331, 76.79192665899195, 15.297058540778355, 35.05709628591621, 64.19501538281614, 61.5223536610881, 89.1852005660132, 6.0, 68.76772498781678], [45.65084884205331, 0.0, 61.29437168288782, 31.400636936215164, 40.162171256046406, 43.829214001622255, 50.44799302251776, 55.226805085936306, 50.99019513592785, 25.942243542145693], [76.79192665899195, 61.29437168288782, 0.0, 73.10950690573696, 41.97618372363071, 17.4928556845359, 15.297058540778355, 34.0147027033899, 77.87810988975015, 51.40038910358559], [15.297058540778355, 31.400636936215164, 73.10950690573696, 0.0, 34.539832078341085, 58.215118311311535, 58.42088667591412, 79.84985911070852, 21.213203435596427, 55.97320787662612], [35.05709628591621, 40.162171256046406, 41.97618372363071, 34.539832078341085, 0.0, 31.622776601683793, 26.68332812825267, 60.108235708594876, 35.90264614203248, 50.99019513592785], [64.19501538281614, 43.829214001622255, 17.4928556845359, 58.215118311311535, 31.622776601683793, 0.0, 12.0, 29.68164415931166, 66.30987860040162, 35.77708763999664], [61.5223536610881, 50.44799302251776, 15.297058540778355, 58.42088667591412, 26.68332812825267, 12.0, 0.0, 40.311288741492746, 62.5859409132754, 46.8187996428785], [89.1852005660132, 55.226805085936306, 34.0147027033899, 79.84985911070852, 60.108235708594876, 29.68164415931166, 40.311288741492746, 0.0, 92.35799911215054, 32.7566787083184], [6.0, 50.99019513592785, 77.87810988975015, 21.213203435596427, 35.90264614203248, 66.30987860040162, 62.5859409132754, 92.35799911215054, 0.0, 73.40980860893181], [68.76772498781678, 25.942243542145693, 51.40038910358559, 55.97320787662612, 50.99019513592785, 35.77708763999664, 46.8187996428785, 32.7566787083184, 73.40980860893181, 0.0]], "task_locations": [[36, 11], [76, 33], [47, 87], [51, 14], [38, 46], [56, 72], [44, 72], [81, 88], [30, 11], [88, 56]], "precedence_constraints": [[8, 7], [2, 8], [6, 7], [3, 1], [5, 8], [5, 1]]}