{"Q": [[1, 1, 1], [1, 1, 1], [0, 1, 0]], "R": [[0.0, 0.0, 0.0], [1.0, 0.0, 0.0], [0.0, 1.0, 0.0], [1.0, 0.0, 0.0], [0.0, 1.0, 1.0], [1.0, 1.0, 1.0], [1.0, 1.0, 1.0], [0.0, 1.0, 1.0], [0.0, 1.0, 0.0], [0.0, 0.0, 0.0]], "T_e": [0, 61, 63, 92, 97, 59, 55, 77, 99, 0], "T_t": [[0.0, 8.06225774829855, 56.515484603779164, 71.19691004531025, 74.30343195303969, 100.00499987500625, 19.313207915827967, 48.60041152089147, 96.16652224137046, 73.49829930005184], [8.06225774829855, 0.0, 51.35172830587107, 75.64390259630977, 74.63243262818116, 101.82337649086284, 25.179356624028344, 52.354560450833695, 98.59513172565875, 68.06614430096654], [56.515484603779164, 51.35172830587107, 0.0, 77.62087348130012, 50.00999900019995, 80.77747210701756, 57.14017850864661, 58.137767414994535, 82.03657720797473, 17.08800749063506], [71.19691004531025, 75.64390259630977, 77.62087348130012, 0.0, 39.698866482558415, 41.10960958218893, 52.15361924162119, 23.769728648009426, 33.54101966249684, 88.63972021616495], [74.30343195303969, 74.63243262818116, 50.00999900019995, 39.698866482558415, 0.0, 31.016124838541646, 60.728905802755904, 36.124783736376884, 32.14031735997639, 55.326304774492215], [100.00499987500625, 101.82337649086284, 80.77747210701756, 41.10960958218893, 31.016124838541646, 0.0, 83.48652585896721, 53.71219600798314, 8.54400374531753, 84.1486779456457], [19.313207915827967, 25.179356624028344, 57.14017850864661, 52.15361924162119, 60.728905802755904, 83.48652585896721, 0.0, 30.4138126514911, 78.87331614684399, 73.92563831310488], [48.60041152089147, 52.354560450833695, 58.137767414994535, 23.769728648009426, 36.124783736376884, 53.71219600798314, 30.4138126514911, 0.0, 48.60041152089147, 71.61005515987263], [96.16652224137046, 98.59513172565875, 82.03657720797473, 33.54101966249684, 32.14031735997639, 8.54400374531753, 78.87331614684399, 48.60041152089147, 0.0, 87.05170877128145], [73.49829930005184, 68.06614430096654, 17.08800749063506, 88.63972021616495, 55.326304774492215, 84.1486779456457, 73.92563831310488, 71.61005515987263, 87.05170877128145, 0.0]], "task_locations": [[74, 23], [81, 27], [87, 78], [12, 58], [38, 88], [9, 99], [56, 30], [35, 52], [6, 91], [93, 94]], "precedence_constraints": [[2, 1], [5, 1], [8, 5], [8, 3], [4, 5]]}