{"Q": [[1, 0, 0], [1, 1, 1], [0, 0, 1]], "R": [[0.0, 0.0, 0.0], [1.0, 0.0, 0.0], [0.0, 1.0, 1.0], [0.0, 1.0, 1.0], [1.0, 0.0, 0.0], [0.0, 1.0, 0.0], [0.0, 1.0, 1.0], [0.0, 0.0, 1.0], [1.0, 1.0, 0.0], [0.0, 0.0, 0.0]], "T_e": [0, 94, 54, 66, 67, 95, 79, 60, 93, 0], "T_t": [[0.0, 102.42070103255493, 72.56031973468694, 41.182520563948, 101.6366075781753, 40.0, 33.1058907144937, 26.40075756488817, 89.62700485902673, 36.235341863986875], [102.42070103255493, 0.0, 42.485291572496, 86.68333173107735, 6.324555320336759, 68.65857557508748, 69.35416353759881, 88.61715409558128, 18.681541692269406, 70.60453243241541], [72.56031973468694, 42.485291572496, 0.0, 46.22769732530488, 38.27531841800928, 53.225933528685054, 42.2965719651132, 52.0, 43.01162633521314, 52.55473337388365], [41.182520563948, 86.68333173107735, 46.22769732530488, 0.0, 83.48652585896721, 53.36665625650534, 34.52535300326414, 15.0, 80.95060222135473, 49.72926703662542], [101.6366075781753, 6.324555320336759, 38.27531841800928, 83.48652585896721, 0.0, 69.58448102845921, 68.54195795277518, 86.40023148117139, 22.825424421026653, 71.19691004531025], [40.0, 68.65857557508748, 53.225933528685054, 53.36665625650534, 69.58448102845921, 0.0, 18.973665961010276, 43.0, 52.92447448959697, 4.123105625617661], [33.1058907144937, 69.35416353759881, 42.2965719651132, 34.52535300326414, 68.54195795277518, 18.973665961010276, 0.0, 25.709920264364882, 57.38466694161429, 15.652475842498529], [26.40075756488817, 88.61715409558128, 52.0, 15.0, 86.40023148117139, 43.0, 25.709920264364882, 0.0, 79.81227975693966, 39.01281840626232], [89.62700485902673, 18.681541692269406, 43.01162633521314, 80.95060222135473, 22.825424421026653, 52.92447448959697, 57.38466694161429, 79.81227975693966, 0.0, 55.46169849544819], [36.235341863986875, 70.60453243241541, 52.55473337388365, 49.72926703662542, 71.19691004531025, 4.123105625617661, 15.652475842498529, 39.01281840626232, 55.46169849544819, 0.0]], "task_locations": [[76, 98], [29, 7], [67, 26], [96, 62], [35, 5], [44, 74], [62, 68], [87, 74], [24, 25], [48, 75]], "precedence_constraints": [[6, 2], [3, 1], [5, 4]]}