{"Q": [[1, 0, 0], [0, 1, 1], [1, 1, 0]], "R": [[0.0, 0.0, 0.0], [0.0, 1.0, 0.0], [1.0, 0.0, 0.0], [1.0, 0.0, 0.0], [0.0, 1.0, 0.0], [1.0, 0.0, 1.0], [1.0, 1.0, 0.0], [1.0, 0.0, 0.0], [0.0, 0.0, 1.0], [0.0, 0.0, 0.0]], "T_e": [0, 80, 61, 73, 55, 64, 56, 53, 52, 0], "T_t": [[0.0, 30.265491900843113, 24.166091947189145, 76.57675887630658, 51.92301994298868, 49.658836071740545, 36.61966684720111, 54.817880294662984, 78.56844150166147, 27.459060435491963], [30.265491900843113, 0.0, 52.3450093132096, 57.584720195551874, 26.90724809414742, 22.67156809750927, 25.0, 51.54609587543949, 58.69412236331676, 56.302753041036986], [24.166091947189145, 52.3450093132096, 0.0, 86.53323061113575, 75.8946638440411, 67.89698078707183, 60.53924347066124, 56.08029957123981, 89.04493247793498, 25.019992006393608], [76.57675887630658, 57.584720195551874, 86.53323061113575, 0.0, 72.0, 37.33630940518894, 81.49233092751734, 36.345563690772494, 3.0, 103.23759005323593], [51.92301994298868, 26.90724809414742, 75.8946638440411, 72.0, 0.0, 35.35533905932738, 21.18962010041709, 76.05918747922567, 72.06247289678588, 73.00684899377592], [49.658836071740545, 22.67156809750927, 67.89698078707183, 37.33630940518894, 35.35533905932738, 0.0, 44.598206241955516, 44.553338819890925, 37.8549864614954, 76.94153624668537], [36.61966684720111, 25.0, 60.53924347066124, 81.49233092751734, 21.18962010041709, 44.598206241955516, 0.0, 75.7099729229908, 82.28000972289685, 53.33854141237835], [54.817880294662984, 51.54609587543949, 56.08029957123981, 36.345563690772494, 76.05918747922567, 44.553338819890925, 75.7099729229908, 0.0, 39.319206502675, 77.41446893184762], [78.56844150166147, 58.69412236331676, 89.04493247793498, 3.0, 72.06247289678588, 37.8549864614954, 82.28000972289685, 39.319206502675, 0.0, 105.38026380684383], [27.459060435491963, 56.302753041036986, 25.019992006393608, 103.23759005323593, 73.00684899377592, 76.94153624668537, 53.33854141237835, 77.41446893184762, 105.38026380684383, 0.0]], "task_locations": [[55, 70], [25, 66], [77, 60], [5, 12], [5, 84], [10, 49], [25, 91], [41, 17], [2, 12], [78, 85]], "precedence_constraints": [[5, 8], [2, 1], [4, 2], [4, 6], [5, 7], [2, 7]]}