{"Q": [[0, 1, 1], [1, 1, 1], [0, 0, 1]], "R": [[0.0, 0.0, 0.0], [0.0, 1.0, 0.0], [1.0, 1.0, 1.0], [0.0, 1.0, 0.0], [0.0, 1.0, 1.0], [1.0, 1.0, 1.0], [1.0, 0.0, 1.0], [0.0, 0.0, 1.0], [1.0, 1.0, 0.0], [0.0, 0.0, 0.0]], "T_e": [0, 72, 83, 92, 77, 94, 58, 60, 93, 0], "T_t": [[0.0, 52.354560450833695, 54.12947441089743, 67.11929677819934, 67.1863081289633, 81.78630692236935, 67.35725647619564, 55.08175741568164, 63.788713735268246, 33.734255586866], [52.354560450833695, 0.0, 73.05477397131553, 65.29931086925804, 49.4064773081425, 62.177166226839255, 46.32493928760188, 23.769728648009426, 67.67569726275453, 22.20360331117452], [54.12947441089743, 73.05477397131553, 0.0, 26.1725046566048, 43.08131845707603, 50.60632371551998, 46.486557196677836, 90.55385138137417, 19.1049731745428, 70.0], [67.11929677819934, 65.29931086925804, 26.1725046566048, 0.0, 21.095023109728988, 24.698178070456937, 25.179356624028344, 87.04596486914255, 7.211102550927978, 70.49113419430843], [67.1863081289633, 49.4064773081425, 43.08131845707603, 21.095023109728988, 0.0, 15.0, 4.123105625617661, 72.71863585079137, 27.073972741361768, 60.166435825965294], [81.78630692236935, 62.177166226839255, 50.60632371551998, 24.698178070456937, 15.0, 0.0, 16.492422502470642, 85.86617494683223, 31.906112267087632, 74.73285756613352], [67.35725647619564, 46.32493928760188, 46.486557196677836, 25.179356624028344, 4.123105625617661, 16.492422502470642, 0.0, 69.83552104767315, 31.016124838541646, 58.249463516842795], [55.08175741568164, 23.769728648009426, 90.55385138137417, 87.04596486914255, 72.71863585079137, 85.86617494683223, 69.83552104767315, 0.0, 88.45903006477066, 22.360679774997898], [63.788713735268246, 67.67569726275453, 19.1049731745428, 7.211102550927978, 27.073972741361768, 31.906112267087632, 31.016124838541646, 88.45903006477066, 0.0, 70.60453243241541], [33.734255586866, 22.20360331117452, 70.0, 70.49113419430843, 60.166435825965294, 74.73285756613352, 58.249463516842795, 22.360679774997898, 70.60453243241541, 0.0]], "task_locations": [[26, 3], [72, 28], [3, 52], [22, 70], [43, 68], [43, 83], [47, 67], [81, 6], [16, 66], [59, 10]], "precedence_constraints": [[1, 8], [7, 1], [4, 8], [7, 6], [3, 5]]}