{"Q": [[0, 0, 1], [1, 1, 1], [0, 1, 0]], "R": [[0.0, 0.0, 0.0], [0.0, 1.0, 1.0], [1.0, 1.0, 1.0], [0.0, 1.0, 1.0], [0.0, 1.0, 0.0], [0.0, 1.0, 1.0], [1.0, 1.0, 1.0], [0.0, 0.0, 1.0], [1.0, 0.0, 0.0], [0.0, 0.0, 0.0]], "T_e": [0, 82, 55, 54, 92, 92, 53, 54, 56, 0], "T_t": [[0.0, 64.1248781675256, 37.44329045369811, 59.00847396772772, 59.50630218724736, 16.278820596099706, 39.824615503479755, 17.029386365926403, 23.769728648009426, 34.828149534535996], [64.1248781675256, 0.0, 91.92388155425118, 7.0710678118654755, 69.8927750200262, 64.19501538281614, 59.54829972383762, 47.095647357266465, 60.83584469702052, 45.221676218380054], [37.44329045369811, 91.92388155425118, 0.0, 85.44003745317531, 51.42956348249516, 28.30194339616981, 40.19950248448356, 49.678969393496885, 31.32091952673165, 48.83646178829912], [59.00847396772772, 7.0710678118654755, 85.44003745317531, 0.0, 62.96824596572466, 57.97413216254298, 52.49761899362675, 42.04759208325728, 54.230987451824994, 38.27531841800928], [59.50630218724736, 69.8927750200262, 51.42956348249516, 62.96824596572466, 0.0, 43.9089968002003, 19.924858845171276, 55.57877292636101, 35.77708763999664, 32.0624390837628], [16.278820596099706, 64.19501538281614, 28.30194339616981, 57.97413216254298, 43.9089968002003, 0.0, 24.839484696748443, 22.02271554554524, 8.48528137423857, 24.73863375370596], [39.824615503479755, 59.54829972383762, 40.19950248448356, 52.49761899362675, 19.924858845171276, 24.839484696748443, 0.0, 36.05551275463989, 16.401219466856727, 15.264337522473747], [17.029386365926403, 47.095647357266465, 49.678969393496885, 42.04759208325728, 55.57877292636101, 22.02271554554524, 36.05551275463989, 0.0, 24.351591323771842, 25.079872407968907], [23.769728648009426, 60.83584469702052, 31.32091952673165, 54.230987451824994, 35.77708763999664, 8.48528137423857, 16.401219466856727, 24.351591323771842, 0.0, 18.0], [34.828149534535996, 45.221676218380054, 48.83646178829912, 38.27531841800928, 32.0624390837628, 24.73863375370596, 15.264337522473747, 25.079872407968907, 18.0, 0.0]], "task_locations": [[77, 77], [13, 81], [98, 46], [18, 76], [52, 23], [74, 61], [58, 42], [60, 78], [68, 55], [50, 55]], "precedence_constraints": [[5, 2], [4, 3], [6, 5], [7, 2], [8, 2], [7, 6]]}