{"Q": [[1, 0, 0], [1, 0, 1], [0, 1, 1]], "R": [[0.0, 0.0, 0.0], [1.0, 0.0, 1.0], [0.0, 0.0, 1.0], [1.0, 0.0, 0.0], [0.0, 0.0, 1.0], [1.0, 0.0, 0.0], [0.0, 1.0, 0.0], [1.0, 1.0, 1.0], [0.0, 0.0, 1.0], [0.0, 0.0, 0.0]], "T_e": [0, 83, 51, 85, 88, 55, 95, 79, 58, 0], "T_t": [[0.0, 58.05170109479997, 40.049968789001575, 68.81860213634101, 66.007575322837, 62.609903369994115, 64.77653896280658, 15.264337522473747, 56.32051136131489, 41.773197148410844], [58.05170109479997, 0.0, 62.177166226839255, 29.017236257093817, 78.49203781276162, 53.53503525729669, 85.42833253669417, 54.56189146281496, 59.413803110051795, 46.87216658103186], [40.049968789001575, 62.177166226839255, 0.0, 54.0, 26.019223662515376, 30.528675044947494, 26.832815729997478, 53.33854141237835, 19.79898987322333, 73.92563831310488], [68.81860213634101, 29.017236257093817, 54.0, 0.0, 60.83584469702052, 32.2490309931942, 70.22819946431775, 71.50524456289902, 42.37924020083418, 72.44998274671983], [66.007575322837, 78.49203781276162, 26.019223662515376, 60.83584469702052, 0.0, 28.792360097775937, 11.180339887498949, 79.30952023559341, 19.209372712298546, 98.67117106835208], [62.609903369994115, 53.53503525729669, 30.528675044947494, 32.2490309931942, 28.792360097775937, 0.0, 38.8329756778952, 71.84010022264724, 12.165525060596439, 84.0535543567314], [64.77653896280658, 85.42833253669417, 26.832815729997478, 70.22819946431775, 11.180339887498949, 38.8329756778952, 0.0, 79.07591289387686, 27.85677655436824, 100.72239075796404], [15.264337522473747, 54.56189146281496, 53.33854141237835, 71.50524456289902, 79.30952023559341, 71.84010022264724, 79.07591289387686, 0.0, 67.47592163134935, 27.459060435491963], [56.32051136131489, 59.413803110051795, 19.79898987322333, 42.37924020083418, 19.209372712298546, 12.165525060596439, 27.85677655436824, 67.47592163134935, 0.0, 83.3606621854697], [41.773197148410844, 46.87216658103186, 73.92563831310488, 72.44998274671983, 98.67117106835208, 84.0535543567314, 100.72239075796404, 27.459060435491963, 83.3606621854697, 0.0]], "task_locations": [[28, 29], [85, 40], [30, 69], [84, 69], [29, 95], [56, 85], [18, 93], [36, 16], [44, 83], [59, 1]], "precedence_constraints": [[6, 3], [6, 4], [1, 3], [8, 1], [6, 7]]}