{"Q": [[1, 0, 1], [0, 1, 0], [1, 0, 1]], "R": [[0.0, 0.0, 0.0], [1.0, 1.0, 1.0], [0.0, 1.0, 1.0], [0.0, 1.0, 0.0], [1.0, 0.0, 1.0], [1.0, 0.0, 0.0], [0.0, 1.0, 0.0], [0.0, 1.0, 1.0], [0.0, 1.0, 1.0], [0.0, 0.0, 0.0]], "T_e": [0, 85, 82, 66, 84, 71, 90, 77, 75, 0], "T_t": [[0.0, 48.02082881417188, 66.70832032063167, 25.298221281347036, 54.78138369920935, 86.02325267042627, 34.88552708502482, 64.38167441127949, 67.26812023536856, 71.80529228406496], [48.02082881417188, 0.0, 20.591260281974, 24.041630560342615, 33.421549934136806, 87.96590248499699, 13.45362404707371, 22.20360331117452, 67.80117993073571, 51.478150704935004], [66.70832032063167, 20.591260281974, 0.0, 44.204072210600685, 32.01562118716424, 86.31338250816034, 33.60059523282288, 8.06225774829855, 68.00735254367721, 44.204072210600685], [25.298221281347036, 24.041630560342615, 44.204072210600685, 0.0, 43.18564576337837, 89.30845424706443, 10.63014581273465, 43.829214001622255, 68.79680225126747, 62.51399843235114], [54.78138369920935, 33.421549934136806, 32.01562118716424, 43.18564576337837, 0.0, 55.47071299343465, 36.68787265568828, 24.331050121192877, 36.24913792078372, 19.4164878389476], [86.02325267042627, 87.96590248499699, 86.31338250816034, 89.30845424706443, 55.47071299343465, 0.0, 87.20665112249179, 78.26237921249263, 20.615528128088304, 43.68065933568311], [34.88552708502482, 13.45362404707371, 33.60059523282288, 10.63014581273465, 36.68787265568828, 87.20665112249179, 0.0, 33.61547262794322, 66.60330322138685, 56.04462507680822], [64.38167441127949, 22.20360331117452, 8.06225774829855, 43.829214001622255, 24.331050121192877, 78.26237921249263, 33.61547262794322, 0.0, 60.08327554319921, 36.235341863986875], [67.26812023536856, 67.80117993073571, 68.00735254367721, 68.79680225126747, 36.24913792078372, 20.615528128088304, 66.60330322138685, 60.08327554319921, 0.0, 29.274562336608895], [71.80529228406496, 51.478150704935004, 44.204072210600685, 62.51399843235114, 19.4164878389476, 43.68065933568311, 56.04462507680822, 36.235341863986875, 29.274562336608895, 0.0]], "task_locations": [[4, 33], [29, 74], [47, 84], [12, 57], [55, 53], [86, 7], [20, 64], [51, 77], [70, 20], [74, 49]], "precedence_constraints": [[5, 2], [7, 8], [7, 4], [1, 6], [7, 3]]}