{"Q": [[1, 1, 0], [0, 1, 1], [0, 0, 1]], "R": [[0.0, 0.0, 0.0], [0.0, 1.0, 0.0], [1.0, 0.0, 1.0], [1.0, 1.0, 1.0], [1.0, 0.0, 0.0], [0.0, 0.0, 1.0], [0.0, 1.0, 0.0], [0.0, 0.0, 1.0], [0.0, 1.0, 0.0], [0.0, 0.0, 0.0]], "T_e": [0, 73, 68, 71, 67, 57, 85, 51, 53, 0], "T_t": [[0.0, 63.7808748764079, 34.88552708502482, 56.462376853972415, 23.40939982143925, 38.63935817272331, 39.45883931389772, 15.811388300841896, 39.21734310225516, 59.464274989274024], [63.7808748764079, 0.0, 64.93843238021688, 70.71067811865476, 42.80186911806539, 41.19465984809196, 42.1070065428546, 77.83315488916018, 99.80981915623332, 123.0447073221762], [34.88552708502482, 64.93843238021688, 0.0, 21.840329667841555, 44.41846462902562, 24.041630560342615, 23.40939982143925, 47.29693436154187, 68.06614430096654, 78.74642849044012], [56.462376853972415, 70.71067811865476, 21.840329667841555, 0.0, 62.22539674441618, 32.202484376209235, 30.870698080866262, 69.12307863514182, 89.45389874119518, 97.67292357659824], [23.40939982143925, 42.80186911806539, 44.41846462902562, 62.22539674441618, 0.0, 33.54101966249684, 34.88552708502482, 35.4682957019364, 57.0087712549569, 80.91971329657564], [38.63935817272331, 41.19465984809196, 24.041630560342615, 32.202484376209235, 33.54101966249684, 0.0, 1.4142135623730951, 54.3415126767741, 77.62087348130012, 94.51454914456292], [39.45883931389772, 42.1070065428546, 23.40939982143925, 30.870698080866262, 34.88552708502482, 1.4142135623730951, 0.0, 55.10898293381942, 78.33900688673555, 94.89467845985885], [15.811388300841896, 77.83315488916018, 47.29693436154187, 69.12307863514182, 35.4682957019364, 54.3415126767741, 55.10898293381942, 0.0, 23.40939982143925, 45.45327270945405], [39.21734310225516, 99.80981915623332, 68.06614430096654, 89.45389874119518, 57.0087712549569, 77.62087348130012, 78.33900688673555, 23.40939982143925, 0.0, 27.892651361962706], [59.464274989274024, 123.0447073221762, 78.74642849044012, 97.67292357659824, 80.91971329657564, 94.51454914456292, 94.89467845985885, 45.45327270945405, 27.892651361962706, 0.0]], "task_locations": [[48, 53], [0, 11], [64, 22], [70, 1], [26, 45], [41, 15], [42, 14], [53, 68], [61, 90], [88, 97]], "precedence_constraints": [[6, 8], [4, 3]]}