{"Q": [[0, 0, 1], [0, 1, 1], [1, 0, 0]], "R": [[0.0, 0.0, 0.0], [1.0, 0.0, 1.0], [0.0, 1.0, 0.0], [1.0, 0.0, 0.0], [1.0, 1.0, 0.0], [1.0, 1.0, 0.0], [0.0, 1.0, 1.0], [0.0, 1.0, 0.0], [0.0, 1.0, 0.0], [0.0, 0.0, 0.0]], "T_e": [0, 77, 98, 91, 59, 64, 78, 88, 90, 0], "T_t": [[0.0, 101.84301645179212, 72.94518489934754, 37.12142238654117, 87.28115489611719, 80.15609770940699, 56.302753041036986, 31.25699921617557, 56.60388679233962, 73.17103251970687], [101.84301645179212, 0.0, 32.01562118716424, 93.04837451562494, 28.460498941515414, 30.675723300355934, 45.5411901469428, 92.04890004774636, 80.0, 37.013511046643494], [72.94518489934754, 32.01562118716424, 0.0, 61.032778078668514, 36.235341863986875, 9.486832980505138, 19.4164878389476, 60.13318551349163, 66.94027188471824, 31.32091952673165], [37.12142238654117, 93.04837451562494, 61.032778078668514, 0.0, 89.19641248391103, 64.38167441127949, 53.14132102234569, 6.082762530298219, 80.7093550959243, 76.96752561957543], [87.28115489611719, 28.460498941515414, 36.235341863986875, 89.19641248391103, 0.0, 42.05948168962618, 36.05551275463989, 86.40023148117139, 53.75872022286245, 14.142135623730951], [80.15609770940699, 30.675723300355934, 9.486832980505138, 64.38167441127949, 42.05948168962618, 0.0, 28.653097563788805, 64.32728814430156, 76.40026177965623, 39.45883931389772], [56.302753041036986, 45.5411901469428, 19.4164878389476, 53.14132102234569, 36.05551275463989, 28.653097563788805, 0.0, 50.44799302251776, 49.25444142409901, 24.413111231467404], [31.25699921617557, 92.04890004774636, 60.13318551349163, 6.082762530298219, 86.40023148117139, 64.32728814430156, 50.44799302251776, 0.0, 75.21303078589507, 73.7360156233031], [56.60388679233962, 80.0, 66.94027188471824, 80.7093550959243, 53.75872022286245, 76.40026177965623, 49.25444142409901, 75.21303078589507, 0.0, 43.01162633521314], [73.17103251970687, 37.013511046643494, 31.32091952673165, 76.96752561957543, 14.142135623730951, 39.45883931389772, 24.413111231467404, 73.7360156233031, 43.01162633521314, 0.0]], "task_locations": [[96, 45], [0, 79], [32, 80], [93, 82], [9, 52], [29, 89], [43, 64], [92, 76], [48, 15], [23, 50]], "precedence_constraints": [[2, 6], [3, 1], [4, 2], [1, 2], [5, 3], [7, 2]]}