{"Q": [[0, 0, 1], [1, 0, 0], [0, 1, 1]], "R": [[0.0, 0.0, 0.0], [1.0, 1.0, 0.0], [1.0, 1.0, 1.0], [1.0, 0.0, 0.0], [0.0, 0.0, 1.0], [0.0, 1.0, 0.0], [1.0, 1.0, 0.0], [0.0, 1.0, 1.0], [0.0, 0.0, 1.0], [0.0, 0.0, 0.0]], "T_e": [0, 95, 74, 82, 59, 62, 89, 65, 71, 0], "T_t": [[0.0, 53.71219600798314, 81.9084855189009, 34.132096331752024, 10.0, 73.348483283569, 29.274562336608895, 59.00847396772772, 30.23243291566195, 29.732137494637012], [53.71219600798314, 0.0, 59.682493245507096, 78.10249675906654, 62.64982043070834, 47.16990566028302, 28.42534080710379, 27.730849247724095, 64.00781202322104, 40.70626487409524], [81.9084855189009, 59.682493245507096, 0.0, 81.49846624323675, 91.48223871331527, 12.529964086141668, 56.938563381947034, 32.202484376209235, 107.35455276791944, 52.20153254455275], [34.132096331752024, 78.10249675906654, 81.49846624323675, 0.0, 34.713109915419565, 77.62087348130012, 49.678969393496885, 71.19691004531025, 60.63827174318213, 39.20459156782532], [10.0, 62.64982043070834, 91.48223871331527, 34.713109915419565, 0.0, 83.18653737234169, 39.20459156782532, 69.00724599634447, 25.96150997149434, 39.293765408777], [73.348483283569, 47.16990566028302, 12.529964086141668, 77.62087348130012, 83.18653737234169, 0.0, 46.61544808322666, 19.849433241279208, 97.16995420396162, 44.181444068749045], [29.274562336608895, 28.42534080710379, 56.938563381947034, 49.678969393496885, 39.20459156782532, 46.61544808322666, 0.0, 30.14962686336267, 50.566787519082126, 14.035668847618199], [59.00847396772772, 27.730849247724095, 32.202484376209235, 71.19691004531025, 69.00724599634447, 19.849433241279208, 30.14962686336267, 0.0, 79.6994353806851, 32.89376840679705], [30.23243291566195, 64.00781202322104, 107.35455276791944, 60.63827174318213, 25.96150997149434, 97.16995420396162, 50.566787519082126, 79.6994353806851, 0.0, 57.0087712549569], [29.732137494637012, 40.70626487409524, 52.20153254455275, 39.20459156782532, 39.293765408777, 44.181444068749045, 14.035668847618199, 32.89376840679705, 57.0087712549569, 0.0]], "task_locations": [[82, 38], [35, 12], [4, 63], [85, 72], [92, 38], [10, 52], [53, 34], [23, 37], [99, 13], [54, 48]], "precedence_constraints": [[4, 8], [8, 2]]}