{"Q": [[1, 1, 1], [0, 0, 1], [1, 0, 1]], "R": [[0.0, 0.0, 0.0], [0.0, 1.0, 0.0], [1.0, 0.0, 0.0], [0.0, 0.0, 1.0], [1.0, 1.0, 0.0], [0.0, 1.0, 0.0], [1.0, 1.0, 0.0], [1.0, 0.0, 1.0], [0.0, 1.0, 1.0], [0.0, 0.0, 0.0]], "T_e": [0, 55, 66, 63, 69, 64, 82, 60, 61, 0], "T_t": [[0.0, 70.40596565632774, 14.212670403551895, 106.7941945987702, 60.83584469702052, 100.4987562112089, 68.62215385719105, 75.76938695805846, 86.02325267042627, 22.847319317591726], [70.40596565632774, 0.0, 65.0, 60.530983801686226, 18.439088914585774, 41.6293165929973, 8.94427190999916, 15.033296378372908, 23.345235059857504, 60.40695324215582], [14.212670403551895, 65.0, 0.0, 108.85311203635843, 59.033888572581766, 99.48869282486326, 65.0, 72.94518489934754, 77.52418977325722, 32.0], [106.7941945987702, 60.530983801686226, 108.85311203635843, 0.0, 52.80151512977634, 23.769728648009426, 53.36665625650534, 45.5411901469428, 76.53103945458993, 86.21484790916237], [60.83584469702052, 18.439088914585774, 59.033888572581766, 52.80151512977634, 0.0, 40.45985664828782, 10.770329614269007, 15.297058540778355, 41.773197148410844, 46.2709412050371], [100.4987562112089, 41.6293165929973, 99.48869282486326, 23.769728648009426, 40.45985664828782, 0.0, 36.61966684720111, 28.0178514522438, 54.0, 83.00602387778854], [68.62215385719105, 8.94427190999916, 65.0, 53.36665625650534, 10.770329614269007, 36.61966684720111, 0.0, 8.602325267042627, 31.89043743820395, 56.00892785976178], [75.76938695805846, 15.033296378372908, 72.94518489934754, 45.5411901469428, 15.297058540778355, 28.0178514522438, 8.602325267042627, 0.0, 34.88552708502482, 61.5223536610881], [86.02325267042627, 23.345235059857504, 77.52418977325722, 76.53103945458993, 41.773197148410844, 54.0, 31.89043743820395, 34.88552708502482, 0.0, 80.36168241145776], [22.847319317591726, 60.40695324215582, 32.0, 86.21484790916237, 46.2709412050371, 83.00602387778854, 56.00892785976178, 61.5223536610881, 80.36168241145776, 0.0]], "task_locations": [[11, 12], [25, 81], [0, 21], [85, 89], [37, 67], [63, 98], [33, 77], [40, 82], [9, 98], [32, 21]], "precedence_constraints": [[5, 2], [1, 6]]}