{"Q": [[1, 1, 1], [0, 1, 0], [1, 1, 0]], "R": [[0.0, 0.0, 0.0], [0.0, 1.0, 1.0], [1.0, 0.0, 0.0], [0.0, 0.0, 1.0], [1.0, 0.0, 0.0], [1.0, 0.0, 1.0], [1.0, 0.0, 1.0], [1.0, 0.0, 1.0], [1.0, 1.0, 1.0], [0.0, 0.0, 0.0]], "T_e": [0, 86, 89, 96, 80, 98, 83, 79, 92, 0], "T_t": [[0.0, 110.25878649794764, 63.071388124885914, 99.64436762808022, 24.515301344262525, 64.1404708432983, 72.02777242147643, 86.97700845625813, 67.06713054842886, 94.83142938920619], [110.25878649794764, 0.0, 60.207972893961475, 17.029386365926403, 92.66067126888301, 47.50789408087881, 68.4470598345904, 74.95331880577403, 68.6804193347711, 67.06713054842886], [63.071388124885914, 60.207972893961475, 0.0, 58.215118311311535, 39.66106403010388, 36.87817782917155, 71.06335201775947, 32.202484376209235, 67.20119046564577, 35.22782990761707], [99.64436762808022, 17.029386365926403, 58.215118311311535, 0.0, 84.75848040166836, 35.510561809129406, 51.66236541235796, 79.62411694957753, 52.20153254455275, 73.78346698278686], [24.515301344262525, 92.66067126888301, 39.66106403010388, 84.75848040166836, 0.0, 50.80354318352215, 70.51950084905593, 62.51399843235114, 65.45991139621256, 70.3420215802759], [64.1404708432983, 47.50789408087881, 36.87817782917155, 35.510561809129406, 50.80354318352215, 0.0, 35.35533905932738, 67.62396025078685, 32.31098884280702, 67.11929677819934], [72.02777242147643, 68.4470598345904, 71.06335201775947, 51.66236541235796, 70.51950084905593, 35.35533905932738, 0.0, 102.6498904042279, 5.0990195135927845, 102.47438704378767], [86.97700845625813, 74.95331880577403, 32.202484376209235, 79.62411694957753, 62.51399843235114, 67.62396025078685, 102.6498904042279, 0.0, 99.02019995940222, 11.661903789690601], [67.06713054842886, 68.6804193347711, 67.20119046564577, 52.20153254455275, 65.45991139621256, 32.31098884280702, 5.0990195135927845, 99.02019995940222, 0.0, 99.28242543370907], [94.83142938920619, 67.06713054842886, 35.22782990761707, 73.78346698278686, 70.3420215802759, 67.11929677819934, 102.47438704378767, 11.661903789690601, 99.28242543370907, 0.0]], "task_locations": [[97, 98], [11, 29], [70, 41], [12, 46], [92, 74], [42, 65], [25, 96], [84, 12], [30, 95], [74, 6]], "precedence_constraints": [[7, 6]]}