{"Q": [[0, 0, 1], [1, 1, 0], [0, 1, 1]], "R": [[0.0, 0.0, 0.0], [0.0, 1.0, 0.0], [1.0, 0.0, 0.0], [1.0, 0.0, 0.0], [0.0, 0.0, 1.0], [1.0, 0.0, 1.0], [1.0, 1.0, 0.0], [1.0, 0.0, 0.0], [0.0, 1.0, 1.0], [0.0, 0.0, 0.0]], "T_e": [0, 78, 58, 90, 60, 71, 91, 74, 78, 0], "T_t": [[0.0, 24.596747752497688, 33.015148038438355, 60.92618484691127, 72.11102550927978, 44.553338819890925, 70.03570517957252, 44.40720662234904, 44.384682042344295, 65.11528238439882], [24.596747752497688, 0.0, 48.75448697299562, 48.79549159502341, 57.8013840664737, 43.93176527297759, 52.32590180780452, 27.80287754891569, 52.23983154643591, 62.96824596572466], [33.015148038438355, 48.75448697299562, 0.0, 55.731499172371095, 67.60177512462228, 30.01666203960727, 71.16881339463234, 50.774009099144415, 17.88854381999832, 45.5411901469428], [60.92618484691127, 48.79549159502341, 55.731499172371095, 0.0, 12.0, 26.248809496813376, 17.69180601295413, 21.633307652783937, 42.5440947723653, 26.832815729997478], [72.11102550927978, 57.8013840664737, 67.60177512462228, 12.0, 0.0, 37.8549864614954, 12.041594578792296, 30.0, 53.75872022286245, 33.94112549695428], [44.553338819890925, 43.93176527297759, 30.01666203960727, 26.248809496813376, 37.8549864614954, 0.0, 42.941821107167776, 29.068883707497267, 16.64331697709324, 20.615528128088304], [70.03570517957252, 52.32590180780452, 71.16881339463234, 17.69180601295413, 12.041594578792296, 42.941821107167776, 0.0, 25.709920264364882, 59.53990258641679, 43.829214001622255], [44.40720662234904, 27.80287754891569, 50.774009099144415, 21.633307652783937, 30.0, 29.068883707497267, 25.709920264364882, 0.0, 44.204072210600685, 42.0], [44.384682042344295, 52.23983154643591, 17.88854381999832, 42.5440947723653, 53.75872022286245, 16.64331697709324, 59.53990258641679, 44.204072210600685, 0.0, 27.892651361962706], [65.11528238439882, 62.96824596572466, 45.5411901469428, 26.832815729997478, 33.94112549695428, 20.615528128088304, 43.829214001622255, 42.0, 27.892651361962706, 0.0]], "task_locations": [[20, 53], [42, 64], [21, 20], [76, 29], [88, 29], [51, 21], [89, 41], [64, 47], [37, 12], [64, 5]], "precedence_constraints": [[7, 6], [2, 4]]}